9868218
9868261
9868500
9868774
9868848
9870347
9870392
9871128
9871414
9871893
9869295
9869544
9869601
9869867
9870031
9870036
9870057
9870142
9870184
9870200
9870224
9870347
9870349
9870385
9870392
9870429
9870469
9870527
9870601
9870898
9870914
9871128
9871144
9871267
9871370
9871400
9871406
9871409
9871414
9871466
9871527
9871550
9871609
9871622
9871772
9871795
9871809
9871837
9871868
9871893
9871921
9872062
9872227
9872275
9872285
9872315
9872317
9872337
9872527
9872545
9872550
9872658
9872660
9872730
9872741
9872954
9873040
9873051
9873066
9873092
9873278
9873360
9873448
9873474
9873534
9873549
9873581
9873600
9873606
9873745
9873838
9873875
9873893
9874070
9874125
9874153
9874275
9874323
9874348
9874524
9874643
9874657
9874690
9874747
9874780
9874857
9874901
9875000