34384434
31769636
119360397
40155990
119723665
29518065
27885374
16249321
35190823
39748345
98524229
26338155
24489432
16945011
19611990
43853415
20249656
35519861
34137285
34137285
46074357
95470601
96476568
35490380
120376084
13848415
44788179
105250379
30314549
21060187
27741714
39015803
38894284
27895931
100896537
104015153
43982615
36465079
24701625
124929453
161909
35190834
118380686
37773477
41366560
119113271
32124003
24199209
125772696
39513007
116683903
115107229
27846618
37268163
23544918
37820696
25612449
21301713
442
32258596
115902427
33118207
25943575
45952419
45172787
41940805
30823579
35806476
16297716
35987783
43215063
99295291
35115798
127925490
43925626
94531773
30116373
109435972
26515433
18907487
107676730
38456873
30920694
108138809
127925061
32747779
97705876
111155620
3826223
95517884
27122967
36787545
40507393
31250529
26623937
19019801
41623203
117186263
2158488
101473197
111205860
27260779
29258161
111505629
115686740
97345737
26006257
44881185
41813928
46117626
21354
10756348
107720320
28650284
112570854
38635106
104851373
35807148
27902394
23688663
21652082
30526887
19802817
2980565
42002404
105692782
4503260
2002
33803304
41948090
117214477
21373833
37662537
14768769
24324125
94867861
43019120
13448690
24483285
44074973
124985100
28882440
40218493
20301834
25653867
25153764
20619547
18989262
42109398
45251830
23486475
97959879
45107164
42201370
17683896
96355459
32179668
97522573
28514292
37999400
11481116
23697841
94669436
1273675
36404750
35160087
25608042
44143292
26170520
29038248
35778073
30627070
30944346
39824723
3314280
97838062
129728377
110851999
30637940
43557661
110406504
113272656
30179748
97988938
113252314
39767636
30653238
39338538
33089990
45725807
36775085
21291822
44497796
26211015
104595710
104681568
27427277
45846853
36457408
37224258
28192313
32197424
34449124
26221839
37875518
23161399
44471248
105847004
109754625
32319626
37473310
97432244
1275784
16647180
46408089
23185354
38523350
31189947
37739956
46305000
34202590
46466345
111715314
27528090
36166073
105615941
30619581
106970447
42299289
14392011
29320599
25714310
35822250
11445015
122045258
40482902
42092461
36794006
26062647
18523333
111370513
120742395
33186151
113766658
29573241
41925848
20845272
42693777
36006205
31513532
43184340
14740587
32148366
101965347
35814059
33295105
34638472
111968737
117098564
30943804
45745333
25168838
25168838
113128852
30558156
46487993
126239339
108023974
30684458
27726055
113071474
25292634
24345320
96776626
32231484
23715713
96931043
28587219
109351471
44431169
43043574
33409110
32409346
98093993
38000303
42265518
44409353
23505064
43842216
4100014
33858187
18162618
40138308
105540543
23502694
117419923
110495710
28870275
25129453
10175642
108669940
42930588
35915449
41611636
21035513
3113588
21082539
38374213
4414980
35157161
26552876
41734504
95868857
99834596
22759939
23643906
28905875
39935743
159882
42896172
33272406
40957344
34027381
10650687
97386742
37962425
34190934
123104346
16785619
22561332
41771733
112478325
15285214
41985435
29619881
42919472
123047960
26675756
103051133
34479639
29833734
24800815
36792820
123058779
36147839
42870391
101373101
42495484
28481418
23075183
118166498
26438876
106277494
30122853
43747985
122196067
29196806
125078468
125078468
114537164
125914421
96134759
15211952
105074179
109256308
13137988
43282861
39044824
99923339
24652430
39733006
116039030
23482802
3824963
31101527
98183232
46101364
28771923
24507410
114002534
39381608
19043
29357458
34715495
23385099
19745275
45045130
39394191
33935812
1415705
128230304
33489538
36948301
37086289
119412403
95537818
9928
38000435
11442140
46593573
127445234
136837
20367999
29415100
41095615
32939817
38063950
4482129
3168
36192036
34448718
22974835
120853971
26364953
40916132
125927592
128044117
23148449
102135644
491
43462544
42451778
31213187
102758590
26486765
24834794
34901363
125681236
42897151
43840437
38057684
32223654
96884826
4290276
42112043
127963853
24581636
25443459
35294456
117989717
23008530
41753137
32612101
9645454
117431540
21401443
44057631
108832377
45820124
26713492
30655967
30655967
22866546
22866546
190695
42642365
190695
42642365
116406220
116406220
34247407
34247407
105825103
105825103
21352492
22142529
21352492
22142529
37374984
38801257
37374984
1622824
38801257
1622824
36135762
24230705
36135762
24230705
105615485
43747798
105615485
43747798
123287849
36578247
123287849
123288548
36578247
46226733
11250256
123288548
46226733
11250256
129201384
97171578
129201384
97171578
40879776
35193970
40879776
2736916
19848372
35193970
24983872
2736916
38213334
38213334
45571312
45571312
24148993
24148993
111472748
111472748
34384434
21513303
42440233
39675367
40044114
32813710
31769636
119360397
29534144
30328106
3519829
37274591
37760431
19334776
40155990
127719923
23887484
119723665
29518065
99937252
27885374
25557243
123055476
42752772
123055141
16249321
23595363
35190823
34955307
39748345
19068382
731
125231004
30758352
98524229
42529196
26338155
1661
24489432
26551941
34384434
31769636
119360397
119360397
40155990
40155990
119723665
119723665
29518065
29518065
27885374
27885374
16249321
16249321
35190823
35190823
39748345
39748345
98524229
98524229
26338155
26338155
24489432
24489432
16945011
16945011
19611990
19611990
19611990
43853415
43853415
20249656
20249656
35519861
35519861
34137285
34137285
34137285
34137285
46074357
46074357
95470601
96476568
96476568
35490380
35490380
120376084
120376084
13848415
13848415
44788179
44788179
105250379
105250379
30314549
30314549
34384434
21060187
35822250
35822250
11445015
11445015
122045258
122045258
40482902
40482902
42092461
42092461
36794006
36794006
26062647
26062647
18523333
18523333
111370513
111370513
120742395
120742395
33186151
33186151
113766658
113766658
29573241
29573241
41925848
41925848
20845272
20845272
42693777
42693777
36006205
36006205
31513532
31513532
43184340
14740587
43184340
14740587
32148366
32148366
32148366
101965347
101965347
35814059
35814059
33295105
33295105
34638472
34638472
111968737
117098564
111968737
30943804
117098564
45745333
30943804
45745333
25168838
25168838
25168838
25168838
113128852
113128852
30558156
30558156
46487993
126239339
46487993
126239339
108023974
108023974
30684458
30684458
27726055
27726055
113071474
113071474
25292634
25292634
24345320
24345320
96776626
96776626
32231484
32231484
23715713
23715713
96931043
96931043
28587219
28587219
109351471
109351471
44431169
44431169
43043574
43043574
33409110
32409346
33409110
98093993
32409346
98093993
38000303
38000303
42265518
42265518
44409353
44409353
23505064
23505064
43842216
43842216
4100014
4100014
33858187
33858187
18162618
18162618
40138308
40138308
105540543
105540543
23502694
23502694
117419923
117419923
110495710
28870275
28870275
25129453
25129453
10175642
10175642
108669940
108669940
34384434
42930588
35915449
41611636
31769636
119360397
21035513
3113588
21082539
38374213
4414980
35157161
26552876
40155990
119723665
29518065
27885374
41734504
95868857
99834596
22759939
16249321
35190823
39748345
23643906
28905875
39935743
159882
42896172
33272406
98524229
40957344
34027381
26338155
10650687
97386742
24489432
37962425
16945011
34190934
123104346
16785619
19611990
43853415
22561332
20249656
41771733
112478325
35519861
15285214
34384434
41985435
29619881
42919472
34384434
123047960
26675756
103051133
34479639
29833734
24800815
31769636
36792820
119360397
123058779
36147839
42870391
101373101
40155990
119723665
42495484
28481418
29518065
27885374
23075183
118166498
16249321
35190823
39748345
26438876
106277494
30122853
43747985
122196067
98524229
29196806
26338155
125078468
125078468
114537164
24489432
125914421
96134759
15211952
16945011
105074179
109256308
13137988
43282861
19611990
43853415
39044824
20249656
99923339
35519861
24652430
34137285
39733006
34137285
116039030
23482802
3824963
46074357
95470601
96476568
31101527
98183232
35490380
120376084
46101364
28771923
24507410
114002534
39381608
19043
29357458
13848415
34715495
23385099
44788179
19745275
105250379
30314549
45045130
39394191
33935812
21060187
27741714
39015803
1415705
128230304
38894284
33489538
27895931
100896537
36948301
37086289
104015153
119412403
43982615
95537818
36465079
24701625
124929453
9928
38000435
161909
35190834
118380686
11442140
37773477
46593573
127445234
41366560
136837
119113271
20367999
29415100
41095615
32124003
32939817
38063950
26816727
26816727
111499611
111499611
19899031
19899031
44450892
44450892
43418473
43418473
26071073
26071073
14087493
14087493
28434017
44715281
37771272
2286932
24987427
23513843
41726166
24487105
10119916
35486596
28434017
44715281
1090630
12402443
34877171
37771272
2286932
2286932
24987427
24987427
23513843
23513843
41726166
24487105
41726166
24487105
10119916
10119916
35486596
35486596
1090630
1090630
12402443
12402443
34877171
34877171
100766593
18616036
100766593
22736034
97683519
24321187
29716377
121394391
24136539
11954516
38621951
23138673
38793584
24068829
29370288
46500138
9871435
24253689
118944976
26620139
2618
24298618
40301846
38233726
32810815
32127188
41599966
38121615
99839307
109207647
32277870
36621513
129682455
110715182
99267545
27376465
27376465
122444792
122444792
34384434
34384434
31769636
119360397
34384434
31769636
31769636
119360397
119360397
40155990
40155990
119723665
119723665
29518065
29518065
27885374
27885374
16249321
16249321
35190823
35190823
39748345
39748345
98524229
98524229
26338155
26338155
24489432
24489432
16945011
16945011
19611990
19611990
43853415
43853415
20249656
20249656
35519861
35519861
34137285
34137285
34137285
34137285
46074357
46074357
95470601
95470601
96476568
96476568
35490380
120376084
35490380
120376084
34384434
13848415
44788179
31769636
105250379
119360397
30314549
21060187
27741714
39015803
40155990
38894284
119723665
27895931
100896537
29518065
27885374
104015153
16249321
43982615
35190823
39748345
36465079
24701625
124929453
161909
98524229
35190834
118380686
26338155
37773477
34384434
41366560
119113271
32124003
41366560
24199209
119113271
125772696
39513007
116683903
32124003
115107229
27846618
37268163
24199209
23544918
37820696
125772696
39513007
116683903
115107229
27846618
25612449
37268163
21301713
23544918
442
37820696
32258596
115902427
33118207
25943575
34384434
31769636
31769636
119360397
119360397
40155990
40155990
119723665
119723665
29518065
27885374
29518065
27885374
16249321
16249321
35190823
35190823
35190823
39748345
39748345
34384434
98524229
34384434
26338155
24489432
24489432
16945011
16945011
19611990
19611990
43853415
43853415
20249656
20249656
35519861
35519861
34384434
34137285
34137285
46074357
95470601
96476568
35490380
120376084
13848415
13848415
44788179
34384434
105250379
30314549
21060187
31769636
27741714
125772696
39015803
39513007
116683903
34384434
34384434
31769636
31769636
119360397
119360397
40155990
34384434
119723665
29518065
27885374
16249321
35190823
39748345
31769636
119360397
98524229
26338155
24489432
16945011
40155990
19611990
43853415
119723665
20249656
29518065
27885374
35519861
34137285
34137285
16249321
35190823
39748345
46074357
95470601
96476568
35490380
120376084
98524229
26338155
24489432
16945011
13848415
44788179
19611990
43853415
20249656
105250379
35519861
30314549
34137285
34137285
46074357
21060187
95470601
96476568
35490380
27741714
120376084
39015803
38894284
27895931
100896537
13848415
104015153
43982615
44788179
34384434
105250379
30314549
21060187
27741714
39015803
31769636
38894284
119360397
27895931
100896537
104015153
43982615
40155990
36465079
24701625
124929453
34384434
161909
35190834
118380686
37773477
41366560
41366560
119113271
119113271
32124003
32124003
24199209
24199209
125772696
125772696
39513007
39513007
116683903
116683903
115107229
115107229
27846618
27846618
37268163
37268163
23544918
23544918
37820696
37820696
25612449
25612449
21301713
21301713
442
442
32258596
32258596
115902427
115902427
33118207
33118207
25943575
25943575
45952419
45952419
45172787
45172787
41940805
41940805
30823579
30823579
35806476
35806476
16297716
16297716
35987783
35987783
43215063
43215063
99295291
99295291
35115798
35115798
127925490
127925490
43925626
43925626
34384434
94531773
94531773
30116373
30116373
109435972
109435972
26515433
26515433
18907487
18907487
107676730
107676730
38456873
38456873
30920694
30920694
108138809
108138809
127925061
127925061
32747779
32747779
97705876
97705876
111155620
111155620
3826223
3826223
95517884
95517884
27122967
36787545
27122967
36787545
40507393
40507393
31250529
26623937
31250529
19019801
19019801
41623203
41623203
117186263
117186263
2158488
2158488
101473197
101473197
111205860
27260779
111205860
29258161
27260779
29258161
111505629
111505629
115686740
97345737
115686740
97345737
26006257
26006257
44881185
44881185
41813928
46117626
41813928
21354
46117626
21354
10756348
10756348
107720320
107720320
28650284
112570854
28650284
112570854
38635106
104851373
35807148
38635106
104851373
35807148
27902394
27902394
23688663
21652082
23688663
21652082
30526887
19802817
30526887
19802817
2980565
42002404
105692782
2980565
42002404
105692782
4503260
2002
4503260
2002
33803304
41948090
33803304
41948090
117214477
117214477
21373833
37662537
21373833
37662537
14768769
14768769
24324125
24324125
94867861
94867861
34384434
43019120
13448690
24483285
44074973
124985100
31769636
28882440
119360397
40218493
20301834
25653867
25153764
40155990
20619547
18989262
42109398
119723665
29518065
27885374
45251830
23486475
97959879
16249321
45107164
35190823
39748345
42201370
17683896
96355459
32179668
97522573
28514292
98524229
37999400
11481116
26338155
23697841
24489432
94669436
16945011
1273675
19611990
43853415
36404750
20249656
35160087
25608042
44143292
35519861
34137285
26170520
34137285
29038248
35778073
46074357
95470601
96476568
30627070
35490380
120376084
30944346
13848415
39824723
44788179
3314280
105250379
30314549
21060187
27741714
39015803
38894284
27895931
100896537
104015153
43982615
36465079
24701625
124929453
161909
35190834
118380686
37773477
41366560
119113271
32124003
24199209
125772696
39513007
116683903
115107229
27846618
37268163
23544918
37820696
25612449
21301713
442
32258596
115902427
33118207
25943575
45952419
45172787
41940805
30823579
35806476
35987783
43215063
99295291
35115798
127925490
43925626
94531773
30116373
109435972
26515433
18907487
107676730
38456873
30920694
108138809
127925061
32747779
97705876
111155620
3826223
95517884
27122967
36787545
40507393
31250529
26623937
19019801
41623203
117186263
2158488
101473197
111205860
27260779
29258161
111505629
115686740
97345737
26006257
44881185
41813928
46117626
21354
10756348
107720320
28650284
112570854
38635106
104851373
35807148
27902394
23688663
21652082
30526887
19802817
2980565
42002404
105692782
4503260
2002
33803304
41948090
117214477
21373833
37662537
14768769
24324125
94867861
43019120
13448690
24483285
44074973
124985100
28882440
40218493
20301834
25653867
25153764
20619547
18989262
42109398
45251830
23486475
97959879
45107164
42201370
17683896
96355459
32179668
97522573
28514292
37999400
11481116
23697841
94669436
1273675
36404750
35160087
25608042
44143292
26170520
29038248
35778073
30627070
30944346
39824723
3314280
97838062
129728377
110851999
30637940
43557661
110406504
113272656
30179748
97988938
113252314
39767636
30653238
39338538
33089990
36775085
21291822
44497796
26211015
104595710
104681568
27427277
45846853
36457408
37224258
28192313
32197424
34449124
26221839
37875518
23161399
44471248
105847004
109754625
32319626
37473310
97432244
1275784
16647180
46408089
23185354
38523350
31189947
37739956
46305000
34202590
46466345
111715314
27528090
36166073
105615941
30619581
106970447
42299289
14392011
29320599
25714310
35822250
11445015
122045258
40482902
42092461
36794006
26062647
18523333
111370513
120742395
33186151
113766658
29573241
41925848
20845272
42693777
36006205
31513532
43184340
14740587
32148366
101965347
35814059
33295105
34638472
111968737
117098564
30943804
45745333
25168838
25168838
113128852
30558156
46487993
126239339
108023974
30684458
27726055
113071474
25292634
24345320
96776626
32231484
23715713
96931043
28587219
109351471
44431169
43043574
33409110
32409346
98093993
38000303
42265518
44409353
23505064
43842216
4100014
33858187
18162618
40138308
105540543
23502694
117419923
110495710
28870275
25129453
10175642
108669940
42930588
35915449
41611636
21035513
3113588
21082539
38374213
4414980
35157161
26552876
41734504
95868857
99834596
22759939
23643906
28905875
39935743
159882
42896172
33272406
40957344
34027381
10650687
97386742
37962425
34190934
123104346
16785619
22561332
41771733
112478325
15285214
41985435
29619881
42919472
123047960
26675756
103051133
34479639
29833734
24800815
36792820
123058779
36147839
42870391
101373101
