27895931
26419239
43215063
22798006
45441631
31836774
23064236
22822305
40567146
29246653
28477986
30179569
26750264
43879004
34491673
26669118
40498005
460389
36164349
39728801
29559271
33769500
45064245
25554967
22741624
23433159
19802817
28627911
31976785
34384434
32194285
39410028
23243883
2158488
33159467
45608667
38683579
35061290
32477579
23830580
43688579
34757875
30277672
36008740
26062647
26147450
24713873
30022666
30318830
1959
28646177
23390361
23245066
22222333
25346844
36184135
26030283
24299135
28293246
30602036
28878216
45045130
18464856
12648877
41807730
34215577
19043
23091433
43772432
45588871
25397178
36085261
39822792
28261265
11614
40800148
45703770
25189523
40335272
30532220
32432151
45960892
35983383
36166073
44781847
39153701
346191
26776509
32922940
35486195
16297716
23537466
28761941
32439535
23148107
45595714
28890647
26179938
23337480
23170931
32015300
34981365
31805219
14897324
109331971
46117626
17711662
27470044
22866546
40020627
23164653
34308709
34118551
45739071
491
29573241
31177966
45743656
26614831
29435908
23308460
22079806
31478728
27237360
23180464
105736223
25421850
18496184
36318299
23378353
28950133
33338722
26307864
33339790
29302425
16945011
32651025
27902394
44236056
42574198
29843454
23758942
34451036
24098496
36326284
28322985
29103840
31752409
35555977
36941068
42092461
27725748
127090395
40835481
35364891
31579712
98075100
32370614
46509740
39111205
36775802
101436686
44758045
32509740
13704425
30490486
14785431
24099488
33080201
45745333
34543413
24036559
31713884
29078047
29258893
40529013
12353330
45179125
30540715
44554509
30487105
24507410
43600373
29544671
38379853
32231484
26858816
36959676
34486229
27901440
31480508
34010064
25117353
26970810
34378420
35059398
24092182
36200261
42826669
25171514
25171514
24985591
41883468
44786979
31072900
105999460
35113021
30525261
24722253
32228890
24313746
29838762
34137285
34137285
1719791
46619709
33598391
31234561
32127188
27121021
12332522
30008385
33924519
122149207
23783750
9693056
32535747
31057217
44759043
15755094
35850939
22741084
30559917
34378493
30360552
23497895
30953300
38119975
41425575
21396707
25752703
31189947
31746
29690457
35762179
103027469
35114569
42025607
42541008
35145657
31963425
34298047
36736385
29830876
41594691
31541440
36147615
46603834
27637181
29518065
15199107
20249656
28565318
34483558
45318427
42307767
31051063
34802894
23213239
33414947
122503582
42701798
23688663
16348810
25679656
28587219
40836944
127012432
27113199
40020304
34199707
1415705
46175849
97630666
28556858
33842750
31872836
15326149
29686754
24089576
46596422
35783559
14305889
43696984
40587282
35963611
25089415
34161144
38634441
22522055
35519861
32164903
41395621
40553536
35930308
16054118
40167434
36785025
44218927
45938293
26519873
28673372
26515827
95128240
27770786
29832607
25817269
108468
15302785
36092580
34166518
22942343
26581353
45688121
29229694
31547740
28423507
41437811
20469811
35979047
28938560
28468381
28771266
31862851
29614963
39340999
44232988
33118207
32262071
23917344
262340
24253689
25380626
44232142
37684434
21515884
35143550
32125784
37225458
18099999
45244683
20744542
34448489
34454611
27922438
29846359
126100310
126100569
33404310
20035339
27797026
43335937
10042064
10042064
10042064
34230886
37143284
46408089
43208313
42440233
3785
41041067
36508616
30712025
42510378
32114286
41154660
41781422
107019848
34889014
22746750
32253087
31428243
25714310
19589874
30123522
26090596
46105176
96486711
23475118
29719573
29905631
36464195
28981879
115335023
36731992
39488246
27315475
30655967
38630769
111499611
33377621
31273955
28256828
25813425
17655824
34580489
41053835
22789090
23586388
23065273
43368833
38707088
40323694
32426058
126100393
115037408
38363244
21352492
23858239
23616160
30957440
18572617
4503260
23471538
33222843
125770269
42564857
30654607
28546855
38462835
31250529
24834794
442
34481474
33898099
44497796
23639186
30823579
41108497
27045802
96476568
23626127
1792796
38584026
31613023
24565142
27531145
107710327
29684347
32939817
20845272
41611636
28308494
23863253
33382046
35822250
30936477
126534498
25678227
33850608
31128331
29534144
106084026
122723551
96658902
31727306
2611
24230705
40378285
28086630
41774259
33105862
1350385
33477779
439
25161110
95564176
39222216
20226110
13684782
94388990
109034294
42763042
42358972
24698811
42811897
35232329
34433605
41522980
104866704
99464023
44148704
39279233
35319314
26833713
29178527
31513532
32615394
34001496
14947155
29773986
39236729
30975621
25749497
35349905
37911280
102090470
24390680
33602339
106194794
24359499
30447908
35809584
33006648
33733027
26127512
32004973
111152109
19799369
17964514
25251165
31577711
30026037
100411909
100411909
100411909
16979732
42968101
28846625
97601902
32515782
37867179
36959733
42903168
39080597
113104030
12637219
29369218
25153764
25539323
29348258
29232545
128350290
28458334
29219144
4097
35623118
27703044
34856994
27338836
35026736
26456494
28215205
26276399
25505149
28446706
40895450
39321576
29963483
32866108
29187511
34569738
39881081
42502560
36792820
35915449
99344554
45564175
34168005
28458350
33770645
121199691
25901021
28362355
29236577
30179770
35294456
28914540
31976441
34677924
40182105
35132296
39043096
24652430
41956745
33445697
33874468
27880348
119377097
28349644
128338223
13842325
132265
29038248
23611958
101209760
12818778
35034571
41592200
36859750
16202769
42689002
105694313
22627155
23693281
24282202
32131490
41987322
23141788
37247645
32767736
39830920
43726747
28538688
31636785
41525215
98054717
34305040
36166439
34351337
43498930
39490575
37086289
24873344
18557682
41944327
41035449
15323631
33301261
46179420
32858244
18921170
27932995
35806721
21082539
37190761
27042171
45571312
3807937
31935896
28786454
119255233
36167973
22186156
40684908
41538339
44711082
37119411
35285306
34964358
3824963
32017129
24199209
94334686
37631861
37107436
27680436
29231851
27060808
38233726
30431255
95385562
31545235
37628914
46172262
34019713
31076033
39733006
11787
41599966
40792446
121053904
111718726
29440084
42392772
38285632
41135102
33152388
39144813
40586683
44257435
28210851
44881947
42879402
38472666
19542789
34994684
39476890
19546487
41511767
34976879
43214886
15413538
23403635
29689780
29599237
26675756
19899031
42072344
24486838
101982925
26438876
225666
119220096
11571896
35323770
33118494
45770903
30428125
21755531
39391003
21983897
28625005
31545597
24444828
35822397
42696471
34607647
40070457
43001537
27243668
30111136
37008294
96457590
33134232
29868090
26492122
24532152
29919860
98581330
41002749
25201845
31485192
26551941
23470122
38000455
30783475
40157327
27260779
97758272
28905875
40897649
36868476
34815360
31554488
26013405
35370899
37239975
26941788
32124003
46406638
33376541
33257036
46115257
16723137
23553134
30179748
19068382
31516466
28075993
35555559
40721122
38290762
32646740
37466869
28481418
29970330
42019180
32708863
38976531
40316705
104613976
116849953
43256857
26170853
37207068
40679923
27158721
42847684
22991532
105609165
40103104
34152189
28570279
43060231
28956110
33708813
35502680
41811107
36635754
28139331
15414754
41759915
32149661
31643537
41450004
24117813
30108525
44589158
32142165
21974398
42365455
29506463
9841588
23050407
11982368
27460671
42871782
24727626
26222098
26578488
31920990
44343962
23715713
35238813
39399586
106418011
107315775
36692222
34940333
29874238
28108165
21118635
111604199
104417315
25591655
37862023
1444878
22884714
45091870
109256308
26609852
45613675
43248954
4425938
39099241
36775085
29310762
33236029
39072406
33390409
34857352
112097022
29411855
104433541
30187757
27041765
106081047
11250256
30145618
32612101
42743690
24682007
26799782
41488762
28463125
45661658
95126708
29908786
31317869
100714248
44352567
38679323
97488490
44674375
30891977
1331201
99613308
41109472
35806378
46570421
95927518
35972566
16824047
32494444
23485910
35217149
31657233
32858441
36621543
26813657
41906039
125616503
107740696
37467838
20877147
43387535
40726973
24489432
28772416
40894239
23385099
15797699
24263942
26759523
15106510
4070797
11445015
39421500
39280341
40137153
35807148
30147556
339767
24518587
25873533
102585210
106277494
15548215
31866112
34229261
32937224
27842893
34529402
26567649
29716377
102812901
24426108
36606428
35486596
115689470
119623218
32375815
114538718
30860272
30638367
36524488
35806476
114112776
42320333
44902201
46521427
15502770
34300760
125801230
42552001
30086880
45844365
34422067
16626876
42296923
124002407
34500376
36586077
39031611
41330561
35486626
29188817
2661911
2661911
35544729
38176016
33050910
44412943
29326356
26769923
121807277
109264998
17098623
39973713
26514504
121749281
24419507
33489538
13118351
25336774
100966733
111359826
113162622
29833734
34385371
18506757
38220878
31680290
37753791
42144182
29508356
27406617
28639294
41565074
35483845
34214308
25292634
45023794
45131071
41658003
29690610
3113588
113538913
26217154
44881185
113006162
43658512
42152392
35540639
37140977
30320490
23098699
41650896