34384434
39748345
20249656
34137285
95470601
35490380
120376084
44788179
105250379
27741714
100896537
43982615
36465079
24701625
161909
35190834
24199209
125772696
39513007
116683903
115107229
27846618
37268163
23544918
37820696
25612449
21301713
442
32258596
115902427
33118207
25943575
45952419
45172787
41940805
30823579
35806476
16297716
35987783
43215063
99295291
35115798
127925490
43925626
94531773
30116373
109435972
26515433
18907487
107676730
38456873
30920694
108138809
127925061
32747779
97705876
111155620
3826223
95517884
27122967
36787545
40507393
31250529
26623937
19019801
41623203
117186263
2158488
101473197
111205860
27260779
29258161
111505629
115686740
97345737
26006257
44881185
41813928
46117626
21354
10756348
107720320
28650284
112570854
38635106
104851373
35807148
27902394
23688663
21652082
30526887
19802817
2980565
42002404
105692782
4503260
2002
33803304
41948090
117214477
21373833
37662537
14768769
24324125
94867861
43019120
13448690
24483285
44074973
124985100
28882440
40218493
20301834
25653867
25153764
20619547
18989262
42109398
45251830
23486475
97959879
45107164
42201370
17683896
96355459
32179668
97522573
28514292
37999400
11481116
23697841
94669436
1273675
36404750
35160087
25608042
44143292
26170520
29038248
35778073
30627070
30944346
39824723
3314280
97838062
129728377
110851999
30637940
43557661
110406504
113272656
30179748
97988938
113252314
39767636
30653238
39338538
33089990
45725807
36775085
21291822
44497796
26211015
104595710
104681568
27427277
45846853
36457408
37224258
28192313
32197424
34449124
26221839
37875518
23161399
44471248
105847004
109754625
32319626
37473310
97432244
1275784
16647180
46408089
23185354
38523350
31189947
37739956
46305000
34202590
46466345
111715314
27528090
36166073
105615941
30619581
106970447
42299289
14392011
29320599
25714310
40482902
42092461
18523333
111370513
120742395
42693777
101965347
111968737
117098564
30943804
25168838
126239339
30684458
27726055
96776626
109351471
44431169
43043574
32409346
98093993
33858187
18162618
40138308
105540543
28870275
10175642
42930588
21035513
3113588
21082539
38374213
4414980
35157161
22759939
28905875
159882
33272406
40957344
97386742
16785619
41771733
112478325
29619881
26675756
103051133
36147839
42870391
101373101
28481418
118166498
26438876
43747985
122196067
29196806
125914421
96134759
15211952
43282861
99923339
24652430
39733006
116039030
23482802
98183232
46101364
28771923
114002534
39381608
39394191
1415705
33489538
36948301
37086289
119412403
9928
11442140
46593573
127445234
20367999
38063950
4482129
3168
36192036
34448718
22974835
120853971
26364953
40916132
125927592
128044117
23148449
102135644
491
43462544
42451778
31213187
102758590
26486765
24834794
34901363
125681236
42897151
43840437
38057684
32223654
96884826
4290276
42112043
127963853
24581636
25443459
35294456
117989717
23008530
41753137
32612101
9645454
117431540
21401443
44057631
108832377
45820124
26713492
30655967
22866546
190695
42642365
116406220
34247407
105825103
21352492
22142529
37374984
38801257
1622824
36135762
24230705
105615485
43747798
36578247
123287849
123288548
46226733
11250256
129201384
97171578
35193970
40879776
2736916
19848372
24983872
38213334
45571312
24148993
111472748
21513303
42440233
39675367
40044114
32813710
29534144
30328106
3519829
37274591
37760431
19334776
127719923
23887484
119723665
99937252
25557243
123055476
42752772
123055141
23595363
34955307
19068382
731
125231004
30758352
42529196
1661
24489432
26551941
119360397
40155990
16249321
35190823
98524229
26338155
16945011
19611990
46074357
30314549
21060187
35822250
11445015
122045258
36794006
26062647
33186151
113766658
29573241
41925848
20845272
36006205
31513532
14740587
43184340
32148366
35814059
33295105
34638472
45745333
113128852
30558156
46487993
108023974
113071474
25292634
24345320
32231484
23715713
96931043
28587219
33409110
38000303
42265518
44409353
23505064
43842216
4100014
23502694
117419923
110495710
25129453
108669940
35915449
41611636
31769636
26552876
27885374
41734504
95868857
99834596
23643906
39935743
42896172
34027381
10650687
37962425
34190934
123104346
22561332
35519861
15285214
41985435
42919472
123047960
34479639
29833734
24800815
36792820
123058779
42495484
29518065
23075183
106277494
30122853
125078468
114537164
105074179
109256308
13137988
43853415
39044824
3824963
96476568
31101527
24507410
19043
29357458
13848415
34715495
23385099
19745275
45045130
33935812
39015803
128230304
38894284
27895931
104015153
95537818
124929453
38000435
118380686
37773477
41366560
136837
119113271
29415100
41095615
32124003
32939817
26816727
111499611
19899031
44450892
43418473
26071073
14087493
28434017
44715281
37771272
23513843
41726166
24487105
10119916
35486596
2286932
24987427
1090630
12402443
34877171
100766593
18616036
22736034
97683519
24321187
29716377
121394391
24136539
11954516
38621951
23138673
38793584
24068829
29370288
46500138
9871435
24253689
118944976
26620139
2618
24298618
40301846
38233726
32810815
32127188
41599966
38121615
99839307
109207647
32277870
36621513
129682455
110715182
99267545
27376465
122444792
