[100,420835]
[101,55281]
[106,15067]
[120,23196]
[131,11176]
[134,4129]
[135,181252]
[143,2971]
[145,2799]
[146,4051]
[149,14469]
[150,8233]
[161,12774]
[169,6124]
[175,87383]
[177,17317]
[183,2212]
[190,2470]
[197,31067]
[198,2056]
[200,2546]
[205,5466]
[212,7065]
[215,5527]
[228,3982]
[230,5102]
[234,8438]
[243,11047]
[245,2462]
[246,2540]
[253,3518]
[254,7605]
[256,9252]
[259,6118]
[260,14970]
[269,2950]
[276,2251]
[279,4074]
[281,3475]
[291,4469]
[296,12491]
[300,2465]
[303,6391]
[307,2119]
[316,7628]
[321,2462]
[333,56925]
[334,3515]
[345,23199]
[348,84929]
[352,2142]
[353,2327]
[358,2730]
[365,3185]
[369,2649]
[371,7919]
[372,3160]
[373,3717]
[378,7071]
[387,3402]
[394,2695]
[400,3821]
[403,2887]
[404,24737]
[406,12069]
[408,41538]
[409,9674]
[421,12393]
[431,12094]
[433,2238]
[436,43645]
[441,3111]
[450,2396]
[453,3407]
[467,2516]
[473,2401]
[476,6906]
[478,3964]
[479,39225]
[486,2073]
[496,6076]
[501,8968]
[503,16527]
[506,28205]
[510,13685]
[512,2732]
[519,22056]
[530,8434]
[532,2481]
[541,4305]
[550,125936]
[555,2235]
[563,2181]
[569,10803]
[580,2131]
[588,13406]
[592,3900]
[607,3463]
[623,2041]
[626,3959]
[627,3287]
[629,2067]
[634,11404]
[637,2129]
[638,5397]
[643,2131]
[651,3555]
[661,4799]
[687,12369]
[701,2714]
[724,4551]
[725,2577]
[729,2255]
[738,2522]
[739,3655]
[744,5325]
[746,9450]
[747,2513]
[758,10647]
[761,13321]
[769,6306]
[777,5733]
[779,3214]
[791,2652]
[794,2032]
[808,2999]
[811,2429]
[814,2344]
[822,2483]
[823,2436]
[831,3596]
[840,2280]
[844,5610]
[850,4981]
[860,2646]
[877,9511]
[878,17282]
[882,6168]
[885,10499]
[887,3263]
[889,3058]
[905,2461]
[907,35883]
[913,5405]
[914,68827]
[916,2383]
[934,2127]
[950,2216]
[952,4084]
[954,2770]
[959,6189]
[962,2199]
[963,3131]
[967,12931]
[970,5332]
[976,3771]
[979,6571]
[981,5665]
[984,5445]
[985,22332]
[989,5179]
[1000,4519]
[1004,2053]
[1009,3356]
[1010,30091]
[1011,21482]
[1018,2185]
[1020,3253]
[1033,2242]
[1037,2294]
[1058,2281]
[1069,3585]
[1072,2563]
[1073,2997]
[1081,5447]
[1086,2319]
[1087,10788]
[1097,6323]
[1102,2317]
[1130,7387]
[1139,8554]
[1159,26276]
[1174,4400]
[1175,4131]
[1177,50747]
[1185,2086]
[1190,2226]
[1196,4588]
[1199,3242]
[1201,3403]
[1208,2475]
[1213,18204]
[1216,3921]
[1219,3655]
[1228,2448]
[1229,2484]
[1232,2968]
[1234,2494]
[1240,2404]
[1244,4014]
[1251,3925]
[1253,3366]
[1271,9065]
[1273,5588]
[1275,12672]
[1284,2364]
[1287,7145]
[1301,11945]
[1313,11959]
[1314,6362]
[1328,2046]
[1330,2834]
[1333,15407]
[1338,2376]
[1346,38961]
[1348,2993]
[1349,2527]
[1351,2473]
[1353,3170]
[1389,2379]
[1397,2591]
[1398,2161]
[1406,10237]
[1407,8032]
[1410,4714]
[1418,3906]
[1420,2195]
[1424,2168]
[1434,2067]
[1441,3731]
[1463,2370]
[1470,4181]
[1481,3760]
[1482,2692]
[1497,4296]
[1507,5454]
[1511,3487]
[1524,3724]
[1528,8035]
[1529,2654]
[1535,2240]
[1546,5438]
[1549,9535]
[1551,2638]
[1583,8869]
[1585,3366]
[1589,2990]
[1593,2356]
[1606,3530]
[1607,2147]
[1614,2347]
[1619,2658]
[1635,2994]
[1640,4883]
[1644,3813]
[1658,2563]
[1662,2724]
[1665,38318]
[1674,3450]
[1677,12975]
[1691,3030]
[1697,2921]
[1698,2341]
[1699,34323]
[1700,3888]
[1715,2467]
[1733,4612]
[1750,6813]
[1754,14092]
[1756,3071]
[1796,2612]
[1799,3651]
[1813,13819]
[1820,9270]
[1822,3953]
[1831,7282]
[1835,3640]
[1838,7904]
[1847,4965]
[1848,6602]
[1850,3035]
[1852,2648]
[1854,30592]
[1855,3884]
[1858,7448]
[1868,3230]
[1878,2905]
[1881,6816]
[1885,2318]
[1886,5195]
[1887,16476]
[1889,3051]
[1890,2675]
[1897,2358]
[1903,9397]
[1909,4146]
[1911,2211]
[1912,2276]
[1928,5744]
[1935,5081]
[1938,3812]
[1941,2562]
[1942,2101]
[1946,3634]
[1953,3840]
[1955,9499]
[1967,2009]
[1989,3531]
[1991,2112]
[2014,2327]
[2022,195749]
[2025,16711]
[2026,4158]
[2030,2048]
[2049,8476]
[2050,8151]
[2060,10005]
[2069,2451]
[2075,2606]
[2089,3402]
[2094,8423]
[2095,4048]
[2104,3324]
[2111,7309]
[2118,6600]
[2122,5634]
[2136,2278]
[2150,3523]
[2152,4393]
[2154,2198]
[2157,3774]
[2169,5196]
[2188,2088]
[2220,2670]
[2226,2772]
[2236,6332]
[2249,2128]
[2255,15321]
[2257,2406]
[2266,2056]
[2277,2124]
[2279,5171]
[2300,6084]
[2306,3866]
[2308,2602]
[2310,3825]
[2311,6226]
[2322,5836]
[2324,2819]
[2348,3796]
[2358,2040]
[2389,8911]
[2395,40120]
[2419,2107]
[2444,4209]
[2448,2860]
[2456,26459]
[2466,6282]
[2474,3561]
[2477,4115]
[2487,3045]
[2498,18138]
[2527,3392]
[2568,10270]
[2585,4643]
[2591,10499]
[2593,2157]
[2600,2175]
[2601,8284]
[2617,9068]
[2641,2405]
[2646,2029]
[2665,4237]
[2675,5647]
[2677,29715]
[2685,5298]
[2709,3035]
[2717,3578]
[2742,11235]
[2744,2558]
[2745,3248]
[2755,19149]
[2761,2681]
[2774,2195]
[2787,4914]
[2793,2823]
[2797,13974]
[2804,3272]
[2813,2166]
[2822,2005]
[2836,2749]
[2847,3112]
[2854,10356]
[2870,2613]
[2871,2082]
[2876,3260]
[2885,13862]
[2896,11025]
[2899,95483]
[2922,26510]
[2943,22081]
[2958,2110]
[2962,22272]
[2967,8175]
[2975,2552]
[3001,7393]
[3005,2800]
[3006,20753]
[3027,6150]
[3054,3667]
[3071,3076]
[3086,4462]
[3096,2186]
[3108,3699]
[3114,2415]
[3116,3022]
[3120,3278]
[3140,3147]
[3148,4865]
[3163,2099]
[3164,3368]
[3172,2229]
[3181,2689]
[3185,2678]
[3186,17091]
[3187,2595]
[3209,3418]
[3217,9840]
[3226,7299]
[3231,2151]
[3234,6626]
[3257,2976]
[3266,2196]
[3268,6466]
[3282,7553]
[3308,2085]
[3316,8111]
[3338,2269]
[3351,4347]
[3357,2496]
[3366,42012]
[3368,2019]
[3374,4136]
[3377,4378]
[3385,2241]
[3396,4308]
[3414,3221]
[3420,196629]
[3422,4666]
[3436,3548]
[3461,8222]
[3479,2648]
[3484,2018]
[3489,5119]
[3520,5262]
[3526,2637]
[3550,3524]
[3573,4443]
[3596,2095]
[3612,2946]
[3618,2420]
[3653,2513]
[3656,4147]
[3657,8151]
[3658,5714]
[3678,2793]
[3696,3282]
[3698,2207]
[3718,4701]
[3719,12400]
[3724,2513]
[3727,2091]
[3728,2167]
[3743,3826]
[3746,3775]
[3756,13846]
[3767,7522]
[3773,4955]
[3778,2885]
[3794,2147]
[3796,2271]
[3809,2741]
[3819,4254]
[3840,5542]
[3841,3665]
[3847,2464]
[3881,8571]
[3894,3851]
[3899,4363]
[3903,7098]
[3944,4414]
[3956,16774]
[3973,2807]
[4039,4325]
[4040,9418]
[4041,175006]
[4043,2335]
[4047,4205]
[4085,5631]
[4106,8773]
[4149,8184]
[4156,2598]
[4158,2370]
[4180,2267]
[4185,8736]
[4227,2439]
[4253,2188]
[4289,4046]
[4294,9120]
[4296,5621]
[4338,2278]
[4346,2338]
[4364,3169]
[4420,2916]
[4423,2573]
[4439,4039]
[4445,3470]
[4451,27788]
[4455,26578]
[4463,2061]
[4476,3790]
[4492,4823]
[4534,2647]
[4562,2116]
[4566,5246]
[4577,4134]
[4602,6761]
[4605,6704]
[4609,4302]
[4614,6737]
[4617,73690]
[4620,5133]
[4643,5236]
[4647,2571]
[4657,6254]
[4662,2554]
[4674,2314]
[4688,2218]
[4690,2621]
[4693,3736]
[4703,2782]
[4710,8945]
[4731,81468]
[4734,3222]
[4755,12892]
[4776,6446]
[4777,2252]
[4802,3635]
[4817,9352]
[4841,2601]
[4864,2809]
[4886,2431]
[4913,5186]
[4916,2126]
[4934,12803]
[5003,4080]
[5032,2312]
[5049,2083]
[5057,2063]
[5124,7754]
[5132,15561]
[5170,6855]
[5182,4570]
[5211,2449]
[5233,2068]
[5234,3167]
[5235,2772]
[5280,7087]
[5294,2640]
[5295,2400]
[5297,3358]
[5379,3929]
[5389,2136]
[5394,22518]
[5411,3047]
[5449,2532]
[5455,2489]
[5538,5855]
[5551,5947]
[5552,8680]
[5572,2265]
[5575,2642]
[5595,19241]
[5608,16940]
[5615,4411]
[5622,2535]
[5645,2400]
[5647,10576]
[5650,8860]
[5665,40463]
[5668,2841]
[5680,2631]
[5690,9293]
[5814,2805]
[5838,12418]
[5849,2857]
[5859,3739]
[5872,7312]
[5876,4707]
[5880,2407]
[5892,3700]
[5898,2253]
[5922,3432]
[5989,3109]
[6010,2180]
[6011,2595]
[6058,2967]
[6087,4012]
[6111,5615]
[6135,26665]
[6141,7493]
[6154,4433]
[6174,4062]
[6181,66857]
[6203,4285]
[6207,2198]
[6229,2654]
[6240,3212]
[6265,4902]
[6323,13662]
[6333,14759]
[6334,2259]
[6340,6680]
[6372,4309]
[6380,36632]
[6383,17859]
[6413,4871]
[6489,7081]
[6492,602123]
[6523,2220]
[6557,56804]
[6559,2086]
[6564,11658]
[6579,2239]
[6596,4130]
[6604,23747]
[6619,2126]
[6622,3340]
[6674,9676]
[6683,2045]
[6689,2340]
[6708,12687]
[6775,2062]
[6797,4962]
[6824,8484]
[6872,2533]
[6874,9357]
[6881,2545]
[6893,3333]
[6894,5491]
[6896,2767]
[6921,10562]
[6958,2357]
[6992,3904]
[6994,2511]
[7010,2062]
[7025,6070]
[7038,5891]
[7047,2025]
[7049,44012]
[7050,3490]
[7055,19934]
[7060,2985]
[7070,2398]
[7099,3794]
[7126,5437]
[7133,2187]
[7144,2716]
[7158,2398]
[7172,3564]
[7179,17079]
[7188,17761]
[7226,2317]
[7233,2623]
[7297,3567]
[7305,6903]
[7309,2825]
[7315,2840]
[7391,17394]
[7401,3342]
[7418,2828]
[7420,2251]
[7423,2829]
[7427,4581]
[7434,4608]
[7441,2580]
[7443,2372]
[7450,2620]
[7451,2138]
[7461,2715]
[7487,6286]
[7488,16173]
[7492,5745]
[7501,5992]
[7525,4585]
[7575,3692]
[7589,2330]
[7598,3349]
[7607,2504]
[7633,4512]
[7634,3607]
[7639,2924]
[7640,9011]
[7645,2035]
[7668,10235]
[7678,4697]
[7704,7542]
[7710,2207]
[7725,3082]
[7841,2660]
[7847,4091]
[7855,3060]
[7860,5675]
[7887,2956]
[7897,4791]
[7904,3359]
[7978,2386]
[7982,103367]
[8002,2892]
[8006,188068]
[8055,7459]
[8070,4731]
[8083,3684]
[8088,7700]
[8102,2098]
[8157,5334]
[8158,20207]
[8159,6623]
[8168,5405]
[8266,4750]
[8269,3081]
[8281,2047]
[8298,2957]
[8303,10107]
[8305,2949]
[8334,2501]
[8377,6139]
[8386,2739]
[8390,5277]
[8431,2150]
[8437,6475]
[8456,3512]
[8459,2740]
[8478,6622]
[8487,8918]
[8489,3436]
[8542,6907]
[8586,4096]
[8597,4639]
[8622,4284]
[8636,2126]
[8661,21538]
[8670,2267]
[8671,2667]
[8716,3768]
[8717,2313]
[8718,3723]
[8736,28369]
[8752,27339]
[8774,2314]
[8777,6361]
[8825,2230]
[8860,4301]
[8861,2801]
[8868,6001]
[8883,2009]
[8894,3119]
[8899,2136]
[8942,2493]
[8944,2351]
[8958,3946]
[8978,15094]
[9105,2435]
[9127,49849]
[9149,2606]
[9150,4075]
