27895931
26419239
43215063
22798006
45441631
31836774
23064236
22822305
40567146
29246653
28477986
30179569
26750264
43879004
34491673
26669118
40498005
460389
36164349
39728801
29559271
33769500
45064245
25554967
22741624
23433159
19802817
28627911
31976785
34384434
32194285
39410028
23243883
2158488
33159467
45608667
38683579
35061290
32477579
23830580
43688579
34757875
30277672
36008740
26062647
26147450
24713873
30022666
30318830
1959
28646177
23390361
23245066
22222333
25346844
36184135
26030283
24299135
28293246
30602036
28878216
45045130
18464856
12648877
41807730
34215577
19043
23091433
43772432
45588871
25397178
36085261
39822792
28261265
11614
40800148
45703770
25189523
40335272
30532220
32432151
45960892
35983383
36166073
44781847
39153701
346191
26776509
32922940
35486195
16297716
23537466
28761941
32439535
23148107
45595714
28890647
26179938
23337480
23170931
32015300
34981365
31805219
14897324
109331971
46117626
17711662
27470044
22866546
40020627
23164653
34308709
34118551
45739071
491
29573241
31177966
45743656
26614831
29435908
23308460
22079806
31478728
27237360
23180464
105736223
25421850
18496184
36318299
23378353
28950133
33338722
26307864
33339790
29302425
16945011
32651025
27902394
44236056
42574198
29843454
23758942
34451036
24098496
36326284
28322985
29103840
31752409
35555977
36941068
42092461
27725748
127090395
40835481
35364891
31579712
98075100
32370614
46509740
39111205
36775802
101436686
44758045
32509740
13704425
30490486
14785431
24099488
33080201
45745333
34543413
24036559
31713884
29078047
29258893
40529013
12353330
45179125
30540715
44554509
30487105
24507410
43600373
29544671
38379853
32231484
26858816
36959676
34486229
27901440
31480508
34010064
25117353
26970810
34378420
35059398
24092182
36200261
42826669
25171514
25171514
24985591
41883468
44786979
31072900
105999460
35113021
30525261
24722253
32228890
24313746
29838762
34137285
34137285
1719791
46619709
33598391
31234561
32127188
27121021
12332522
30008385
33924519
122149207
23783750
9693056
32535747
31057217
44759043
15755094
35850939
22741084
30559917
34378493
30360552
23497895
30953300
38119975
41425575
21396707
25752703
31189947
31746
29690457
35762179
103027469
35114569
42025607
42541008
35145657
31963425
34298047
36736385
29830876
41594691
31541440
36147615
46603834
27637181
29518065
15199107
20249656
28565318
34483558
45318427
42307767
31051063
34802894
23213239
33414947
122503582
42701798
23688663
16348810
25679656
28587219
40836944
127012432
27113199
40020304
34199707
1415705
46175849
97630666
28556858
33842750
31872836
15326149
29686754
24089576
46596422
35783559
14305889
43696984
40587282
35963611
25089415
34161144
38634441
22522055
35519861
32164903
41395621
40553536
35930308
16054118
40167434
36785025
44218927
45938293
26519873
28673372
26515827
95128240
27770786
29832607
25817269
108468
15302785
36092580
34166518
22942343
26581353
45688121
29229694
31547740
28423507
41437811
20469811
35979047
28938560
28468381
28771266
31862851
29614963
39340999
44232988
33118207
32262071
23917344
262340
24253689
25380626
44232142
37684434
21515884
35143550
32125784
37225458
18099999
45244683
20744542
34448489
34454611
27922438
29846359
126100310
126100569
33404310
20035339
27797026
43335937
10042064
10042064
10042064
34230886
37143284
46408089
43208313
42440233
3785
41041067
36508616
30712025
42510378
32114286
41154660
41781422
107019848
34889014
22746750
32253087
31428243
25714310
19589874
30123522
26090596
46105176
96486711
23475118
29719573
29905631
36464195
28981879
115335023
36731992
39488246
27315475
30655967
38630769
111499611
33377621
31273955
28256828
25813425
17655824
34580489
41053835
22789090
23586388
23065273
43368833
38707088
40323694
32426058
126100393
115037408
38363244
21352492
23858239
23616160
30957440
18572617
4503260
23471538
33222843
125770269
42564857
30654607
28546855
38462835
31250529
24834794
442
34481474
33898099
44497796
23639186
30823579
41108497
27045802
96476568
23626127
1792796
38584026
31613023
24565142
27531145
107710327
29684347
32939817
20845272
41611636
28308494
23863253
33382046
35822250
30936477
126534498
25678227
33850608
31128331
29534144
106084026
122723551
96658902
31727306
2611
24230705
40378285
28086630
41774259
33105862
1350385
33477779
439
25161110
95564176
39222216
20226110
13684782
94388990
109034294
42763042
42358972
24698811
42811897
35232329
34433605
41522980
104866704
99464023
44148704
39279233
35319314
26833713
29178527
31513532
32615394
34001496
14947155
29773986
39236729
30975621
25749497
35349905
37911280
102090470
24390680
33602339
106194794
24359499
30447908
35809584
33006648
33733027
26127512
32004973
111152109
19799369
17964514
25251165
31577711
30026037
100411909
100411909
100411909
16979732
42968101
28846625
97601902
32515782
37867179
36959733
42903168
39080597
113104030
12637219
29369218
25153764
25539323
29348258
29232545
128350290
28458334
29219144
4097
35623118
27703044
34856994
27338836
35026736
26456494
28215205
26276399
25505149
28446706
40895450
39321576
29963483
32866108
29187511
34569738
39881081
42502560
36792820
35915449
99344554
45564175
34168005
28458350
33770645
121199691
25901021
28362355
29236577
30179770
35294456
28914540
31976441
34677924
40182105
35132296
39043096
24652430
41956745
33445697
33874468
27880348
119377097
28349644
128338223
13842325
132265
29038248
23611958
101209760
12818778
35034571
41592200
36859750
16202769
42689002
105694313
22627155
23693281
24282202
32131490
41987322
23141788
37247645
32767736
39830920
43726747
28538688
31636785
41525215
98054717
34305040
36166439
34351337
43498930
39490575
37086289
24873344
18557682
41944327
41035449
15323631
33301261
46179420
32858244
18921170
27932995
35806721
21082539
37190761
27042171
45571312
3807937
31935896
28786454
119255233
36167973
22186156
40684908
41538339
44711082
37119411
35285306
34964358
3824963
32017129
24199209
94334686
37631861
37107436
27680436
29231851
27060808
38233726
30431255
95385562
31545235
37628914
46172262
34019713
31076033
39733006
11787
41599966
40792446
121053904
111718726
29440084
42392772
38285632
41135102
33152388
39144813
40586683
44257435
28210851
44881947
42879402
38472666
19542789
34994684
39476890
19546487
41511767
34976879
43214886
15413538
23403635
29689780
29599237
26675756
19899031
42072344
24486838
101982925
26438876
225666
119220096
11571896
35323770
33118494
45770903
30428125
21755531
39391003
21983897
28625005
31545597
24444828
35822397
42696471
34607647
40070457
43001537
27243668
30111136
37008294
96457590
33134232
29868090
26492122
24532152
29919860
98581330
41002749
25201845
31485192
26551941
23470122
38000455
30783475
40157327
27260779
97758272
28905875
40897649
36868476
34815360
31554488
26013405
35370899
37239975
26941788
32124003
46406638
33376541
33257036
46115257
16723137
23553134
30179748
19068382
31516466
28075993
35555559
40721122
38290762
32646740
37466869
28481418
29970330
42019180
32708863
38976531
40316705
104613976
116849953
43256857
26170853
37207068
40679923
27158721
42847684
22991532
105609165
40103104
34152189
28570279
43060231
28956110
33708813
35502680
41811107
36635754
28139331
15414754
41759915
32149661
31643537
41450004
24117813
30108525
44589158
32142165
21974398
42365455
29506463
9841588
23050407
11982368
27460671
42871782
24727626
26222098
26578488
31920990
44343962
23715713
35238813
39399586
106418011
107315775
36692222
34940333
29874238
28108165
21118635
111604199
104417315
25591655
37862023
1444878
22884714
45091870
109256308
26609852
45613675
43248954
4425938
39099241
36775085
29310762
33236029
39072406
33390409
34857352
112097022
29411855
104433541
30187757
27041765
106081047
11250256
30145618
32612101
42743690
24682007
26799782
41488762
28463125
45661658
95126708
29908786
31317869
100714248
44352567
38679323
97488490
44674375
30891977
1331201
99613308
41109472
35806378
46570421
95927518
35972566
16824047
32494444
23485910
35217149
31657233
32858441
36621543
26813657
41906039
125616503
107740696
37467838
20877147
43387535
40726973
24489432
28772416
40894239
23385099
15797699
24263942
26759523
15106510
4070797
11445015
39421500
39280341
40137153
35807148
30147556
339767
24518587
25873533
102585210
106277494
15548215
31866112
34229261
32937224
27842893
34529402
26567649
29716377
102812901
24426108
36606428
35486596
115689470
119623218
32375815
114538718
30860272
30638367
36524488
35806476
114112776
42320333
44902201
46521427
15502770
34300760
125801230
42552001
30086880
45844365
34422067
16626876
42296923
124002407
34500376
36586077
39031611
41330561
35486626
29188817
2661911
2661911
35544729
38176016
33050910
44412943
29326356
26769923
121807277
109264998
17098623
39973713
26514504
121749281
24419507
33489538
13118351
25336774
100966733
111359826
113162622
29833734
34385371
18506757
38220878
31680290
37753791
42144182
29508356
27406617
28639294
41565074
35483845
34214308
25292634
45023794
45131071
41658003
29690610
3113588
113538913
26217154
44881185
113006162
43658512
42152392
35540639
37140977
30320490
23098699
41650896
38744784
25539801
32268250
624
41438670
34904674
32936794
117150048
35570516
46583541
38583067
32286993
29396733
109658801
39441344
40771265
33248753
42134719
34021344
38436537
24551913
41554252
38128215
32657308
33098137
109773749
102251259
28866484
35075445
19328401
37508691
31045627
45846853
101725333
40709983
106482664
37537193
43978738
42954445
36105203
32573577
28528027
35807216
14087493
45418853
46553715
30672910
33353770
30371336
3252
193175
31501328
22669267
9944999
128513754
39546882
154239
43462544
30941724
33294101
35570355
16833467
30684458
26455505
34274053
101972843
38465826
28129783
33098150
18162618
137114
33609361
96945316
104237982
39566948
39552595
23530818
44241745
43339080
39108688
98249537
17309915
24984131
34626497
2633043
26211015
126097431
32195333
45886306
28187082
39281167
30654771
36618389
27834831
35807199
39966877
35783148
24632746
40218493
28650284
33621085
32645804
20865272
27885374
31114088
1163441
39476435
31320273
23279823
20629724
36863510
36455846
45799434
28759183
41753137
30408995
43842216
18471626
124717280
30126658
42645487
129585358
99750523
24792010
38310026
26270763
29557894
28651248
97346823
26610299
108557167
45378327
34611196
35748704
36726389
26869579
115638682
35807044
23308388
36348222
42752772
27864335
45881216
18284075
41818823
30574574
32422548
36443332
23208414
127217221
31252099
34720061
38894284
4290276
34668842
35157161
113247363
43542609
24552111
36047336
39756606
36741597
119320808
38164741
23858465
29439161
42379103
28317077
33186151
43169351
107215607
40816009
39523758
19274133
37595419
36719060
41775217
35457671
18108426
38000303
27532326
33022996
37419739
31942200
36959959
30130071
39098868
24778001
27726363
26515433
25682096
33232345
41331440
35479934
33291029
36018360
42951124
33272406
40205488
100437495
100437495
100437495
100437495
34612773
38447598
37078428
33335832
33337763
31041444
40496480
36014393
34520223
31786047
36168102
18835152
43536802
100766593
31262823
113701085
46286515
41871682
29233217
9802860
23333566
37739473
36338110
23044992
30920694
14639016
99641219
45012348
17557916
32804027
40356311
125880369
23983339
20619547
35088843
41004550
27027721
96357227
36373912
38000361
36208551
29667762
41734504
36959483
106751186
46303187
29196806
100258502
42947784
30177787
33390434
27537312
34238786
35171857
31032454
39461653
21471361
116887644
24823541
4569
129584070
22660156
46411836
36208805
41331435
101888079
30751873
38213334
42109398
24417215
31466113
111597892
31820675
107140799
33393308
24613343
39456495
24394492
41485889
40613208
37374984
110999840
23133485
23486067
4093705
37455681
28429027
20682901
31541648
46523975
21328258
25232578
34188307
118304034
44222685
25720568
28319192
39782666
28261334
112940897
41124909
99800441
25094499
41161680
105829519
37987020
12141758
33504814
23345598
24345320
26816242
25379190
17769013
32605616
24608732
20199180
30104591
41
38175413
38464431
34245535
40901026
32657331
118117362
10537686
30656667
28109746
30273355
2756772
37383148
38772029
39939573
29314773
30156629
45209404
23783148
42934372
37735548
35987783
35555555
44525374
25557243
102127558
33761036
30243679
29369324
27477976
24410762
40045428
26690163
337
24581636
32413122
46439825
383476
98943052
31553128
24024157
41396644
37140910
18068415
30738633
44643638
34921390
96603157
26740020
30328106
32786197
102587842
26284064
126093223
37392150
39408465
23062430
113590406
110650109
23398121
34503535
25118213
44705173
113866673
41771733
22224345
35632908
35540891
122817318
23482802
29842742
36959798
41300964
33156709
37637089
16598458
34638472
42666155
32888150
34435097
35683607
39513007
43691117
23289021
41299365
32714461
11491299
105413494
15829245
99084459
125011298
47
37755124
31461843
34161355
30023643
38077047
35807213
38683460
20676527
117718010
44429130
116472017
24277967
99026545
33812822
115560143
35790084
38700435
36683153
39687488
457
38221212
116119957
356220
24011636
46252034
43415607
13643401
36287494
102669115
42795635
39994362
100718943
18951849
32966422
11441107
40204426
26717401
1622
21401443
31333866
117728599
28391024
24199118
37274591
25670128
28434017
31067605
123695926
44415896
37140953
18796946
40036677
122439574
125129880
46466345
40724070
26956082
128052492
42656426
32298967
30262661
19232197
23194645
103197983
43517580
25240087
41032556
31483069
101004598
115631087
42055093
28122932
26713492
46400154
27307875
38771560
46257871
46231012
31916136
36621560
27211409
35452501
34598021
36086936
39645210
30510634
26953
30598666
3765873
25435258
39839713
10175642
28191256
102619012
41448692
26547652
41331414
105768790
95271236
41232698
111869067
35179056
118675075
20153686
104616476
26865636
40708466
14000591
43535132
103421714
27376465
44852241
40456408
19186139
39786388
34875089
24052564
129071054
39498333
106845314
36717806
19391365
38444282
25626213
42800749
42981815
28613476
37641202
31410893
122259105
45810859
43903091
28374702
34190934
34468726
27378018
25029044
4166090
41275415
31162722
108191087
26492580
125224664
98906766
126827395
21138656
46595533
25988584
112149684
43948962
100419172
100419172
100419172
43549222
27016778
27052479
37660069
33798093
44075509
21196992
34012219
34562829
36098942
44652944
19178176
42440633
31101527
44735375
117661508
46553394
41520304
23741502
27067080
32407793
94532590
37199559
94302419
35278752
25450736
4100014
24421364
16460028
98093993
41425104
30316056
122196067
96931043
94943864
32727652
121809686
40913590
30767446
40612718
119359773
32275859
29058619
1980
17063707
34025912
2961933
33968127
34633905
29018212
34685858
29565092
39997298
35736253
32449555
159882
38092055
31562535
40886007
105737219
28043011
97687866
31378096
34946278
31457299
28267986
27834333
29442323
28266172
30562064
10362317
41654641
24009134
32358583
44233743
33916719
114936390
39269721
29060604
22067335
10865353
23546772
36912942
27659435
4493128
29358490
17877966
26808859
44089745
36226267
31352326
31412003
387766
32309508
15721446
97561340
34089509
96106310
107714227
34956235
43255331
40616711
17574667
45353280
13133263
125048466
36404750
40062539
45069630
26544717
101149448
99295291
117431540
111999926
40747355
36785381
25713641
23169544
101743645
104560153
22739050
31876228
39212974
28966229
44054326
40916132
33141827
25433913
38182092
24148563
24040292
43540875
117146481
122071399
3530020
40984768
37608158
35953193
39500620
11766299
33755428
110479920
30607439
20156553
45246659
34522398
28016073
102715801
34361759
32312890
118650778
113372168
39963309
37442070
42659380
46371384
26231802
123094456
36188379
43920247
39751189
45981795
33939091
3166004
40044114
120783513
32258596
25276999
32041317
30679797
45184984
39072335
43228812
38156969
42833189
45582802
33755055
36058325
30824870
26188096
34086497
39930420
1884027
28938303
120467761
23402051
102620417
39502869
42195782
22561332
42533142
37187130
109019158
23745378
19251870
22712274
33281251
43747798
34755129
111135348
40931437
35778073
40405577
23770654
46491880
29314852
33639229
23113042
29078897
25299940
41450149
30387085
33839375
28463110
40143205
444351
23820213
23300841
35850395
120897276
31470564
112383158
106353010
124856550
23174180
40317340
126174029
118184612
44057096
108967527
104330486
26406986
40306539
39265861
25349116
43606005
96006532
39803480
23502694
38737497
41847
29564611
14501880
128375005
22122222
112862820
13137988
30710685
12840361
31494747
19497835
42793953
23601472
33628480
41654074
27559875
22781583
29937606
38415798
29468395
39176077
35548099
26689767
33755311
46593573
24847329
19092381
33755827
96824879
41772149
23675529
39581336
112972242
28669675
103844156
35576015
32262187
105392585
26025043
104331145
23148449
101718940
125962295
26724287
27570276
26741528
36619917
45281421
28202415
95871811
1171050
26568852
34350462
33779050
27910162
30737619
36621513
124156921
96549726
121597890
105147815
43706510
28771923
124610430
123104346
101695922
104052041
34914367
26163284
37771272
25794755
14395935
37038684
37100241
43928336
34877171
39684469
42299289
43984899
32728983
22477631
24260227
38087663
24539231
41821149
43195721
111529633
18534982
46305000
42763971
123776744
38166600
3967885
43833294
39130500
28870275
28907070
42852777
32796946
37452769
29773768
30666517
35029664
22277933
39669294
25608042
34336200
123474518
38453337
24396213
37169648
26881406
44431169
39748345
116703587
10045027
10045027
10045027
18973093
19716522
33755526
101134861
11546691
103607635
32414643
24463641
43694972
108370333
27432561
26090632
166150
41985435
17568841
25740422
35347076
123136213
28778720
33880573
127577011
30553269
32604682
36545426
43043574
40485321
116739007
34458868
41832683
116844239
43933222
39856415
37658509
16454699
105229582
112290210
109435972
22220341
29087625
27429141
114055471
100133622
43093576
40054929
34187905
123018013
34162826
42799612
44891890
34500448
46347604
94448053
41206283
29372405
33247838
44655165
41091051
26815066
33755237
31614501
45565311
45511996
24336405
33089922
97510434
33755483
11992392
36794006
42521777
29173654
31134038
14801674
43381299
15787787
42351259
40535779
11047300
27644901
20650061
27653829
41834966
24220195
119113271
31025373
121709782
128276299
118184421
44345464
11
35966358
23532060
19978685
42179119
28503925
39261255
33342835
36655331
24199206
110547316
33766693
31971565
33755756
4504
119311457
33796840
122559935
38243551
42933269
124477294
28043983
27771365
43706129
16647180
22735599
35422483
34674900
39824723
26599838
32182751
22786271
32753197
18068935
25375935
37786906
40926256
35712861
26552876
31483119
28757270
118738197
29802055
41959405
44283225
35807190
34783532
45605040
20807349
33755370
12795597
25143559
13222132
102208868
40187253
96976170
40051434
34510311
97686277
32986501
31769636
42830590
43412974
31823187
10924683
125344444
102193277
35473961
9747025
23007473
43116499
23054528
38610066
34190977
104015153
44934832
125474738
38289957
42923159
127661835
126611192
30207899
23911394
45693371
94947512
97816434
45259519
32169030
30045217
104375302
35775238
35077504
24881486
111162579
24763979
35788661
34351491
31038184
46377826
38959783
42467072
41813774
17533696
113892557
33755395
33913959
33755632
37714720
18807575
27737110
2064137
41182482
20954489
12178900
25505197
42154384
30464713
37003739
22170389
39676988
38666219
35807071
112549504
40056228
112478325
37156966
19503169
37724792
36397952
97806888
35806186
29140284
13372007
35665805
35849488
33334445
34232566
3695188
106249908
97385648
39036897
41589556
34439843
45038924
24831014
38635106
44952891
3305
102751099
40400929
118252305
38000382
44402136
24723735
24472448
33722798
96478464
105735159
41023125
43029423
27979818
15717218
32889317
42099049
27532693
24651278
102814920
26144226
29049670
23684028
35226316
40639435
14616736
16123937
2251146
40913985
29082615
115004560
113321452
30104734
25403377
30468317
33644901
115459070
39776802
11108956
14226106
39267596
32776206
33879064
39801273
32237284
25723017
19716667
25190661
22759696
1212665
114380314
38551860
33529348
10557106
34375179
32169959
127451518
34459228
41684819
26745591
41226912
19342584
18387870
23907159
43666542
16979746
95741089
35252281
17842936
31519603
24483285
106945715
34871561
39840009
42415017
97877794
4610172
12248221
42304816
39980121
44447442
11204681
33788217
35277521
40890123
36151153
38337568
95666423
40324304
19700793
46035967
36360595
95170569
35005429
32317464
34738529
9645037
31184659
42168573
32197424
35944030
106297932
36210375
96242545
42225457
38000467
35595350
10190856
107721653
24684653
14879978
24363586
44968251
34191936
23342021
43556265
144592
35197781
24444447
41554542
34691663
40090716
34453259
25559245
31048473
29917672
11432615
98891298
20753458
96350054
30812754
39765355
118184819
25008403
10846501
44661356
40054968
32916522
42201156
35887784
33686512
15722194
108616017
14402955
41238930
38000323
38676845
20301834
38000555
110851999
33025155
29897737
33991967
46091804
40724775
28315843
26283591
33684017
29022886
45407543
20191721
33861836
39345508
25533848
9843305
33210625
34190052
43336452
40054950
189165
35057643
23228995
32529823
29690183
39725273
10756348
9884911
30542918
126762874
95425505
3653319
34895340
127214635
40055687
23348458
43000845
108894690
21257898
43165524
37267849
16027476
95971513
120211936
94456200
38135995
23168410
11982
36268563
122312121
41813928
32121616
40055237
103510542
26272723
4252164
128775608
348403
31904789
42142109
21541783
116039030
31938864
128883603
38000341
21172656
37866176
30558156
28764234
30769418
19928749
19816606
46437948
20859352
112211940
45941254
34441703
97936397
107033577
41773522
36787545
30621521
43551797
33107337
26580749
34044522
101473197
40056206
29249751
15898
32810815
35213860
36684507
123621399
34244008
40150367
26720879
33755823
28511142
3551694
31424891
26651673
33440105
15002520
23992557
23509777
30034017
36885950
17745174
2002
39080114
41208237
31089504
35607623
23984082
29321171
40684877
36243788
37017542
110373564
37465204
124924521
101635440
28744356
98690701
22505383
38834885
10767623
17820732
36689786
37448911
98710138
19034244
31377834
40055244
120265117
17578631
43287691
33494375
42275232
39722516
42295799
13376880
16493067
34093965
388418
23118019
40314048
119126089
419338
33710282
23964485
28464680
33207558
25300817
114086029
10517
101814535
41640104
119412403
35055247
26538426
16468115
26089377
40539669
35349728
24507496
102563310
102006984
24483645
40929524
108412066
24065886
9695053
104604415
20548570
37028414
34592332
44118727
44693766
24852513
337941
33704958
29978438
37763998
30892704
111484
43509872
34842230
27796335
44971511
36459871
110786506
34159735
32035015
31567014
44622502
101284149
30057637
33905650
99126464
100839480
102387304
30696612
39845596
44064378
124764538
23936657
40055679
294310
41633702
96050194
33383239
103874393
23408047
20398300
99944683
97705876
15003872
99462253
24983872
34732382
33242504
36418654
96805494
36507793
2992
41827660
106674541
17543919
1212827
37613168
36167512
100689092
29445319
14860717
37879513
126522090
29415100
37760431
108669203
97759957
37437348
36900121
1
41650380
30568080
42002588
19334776
30804372
41760411
23715090
46232553
44941194
40518256
28134277
40055254
30002601
111181109
111629806
127343132
30637940
34689843
31687
118380686
18098621
36326629
122552118
39051301
27323643
34812270
107965226
25757367
104565669
96554981
43451713
35915568
32180087
11508113
123758876
40482902
453748
30315369
40500796
40148170
23951686
41328879
29257507
31291735
28708310
24328956
3948856
24949771
20470319
27282322
110786306
43503725
448331
98266966
101746647
24172938
26239991
18682274
45285188
45772618
111475014
110327646
37004426
31746395
34006318
29902384
18296585
34448961
32486999
29790209
29792064
32778120
31481256
29445349
113766658
28907323
39534700
23967044
111181
40055690
129108151
35129091
46500138
99436205
101223941
118315295
35484478
23224608
32801218
40788621
97969573
27151006
24
127760598
21826797
45154695
23513843
113761322
33978421
33978421
103233158
41887171
36294584
29383904
31525549
39990849
40981621
41814056
43240474
34183390
23712458
30954307
42569044
31092004
103530485
24261502
34523318
29694340
43190386
4345103
43232168
97177733
15211952
272
18876721
20623271
34220506
99045428
121314701
34985835
124164299
124260407
38167975
183079
37710273
39044824
26559338
190695
109462389
1049582
107676730
37660065
41308136
126377861
112570854
95322
40056212
2536248
34578663
44834649
33964345
99360486
45865841
25156647
46539950
45935294
42659383
112750570
11428484
18153591
42390703
40155990
39791096
99144788
37660056
21291822
37896236
33521375
36806640
96860212
45649295
437779
13842925
44628203
122628152
31533514
17113635
33258470
108666577
42722952
114537164
35325859
11203921
46299384
43114646
268980
28229175
107574265
98209875
31061193
27973101
27973101
129654156
31048778
34824571
38739454
10284876
29144590
29619881
25766847
97521322
30960569
35579519
19865142
14537087
33896977
96155239
43647561
43184340
31689756
24190570
34503784
24048084
32148366
129636704
17219
23292255
39249665
42060881
17760452
31796571
111410132
41093434
43886167
16785619
15811158
34767424
46597559
40599072
32328526
23727386
99734147
26626433
17380992
33099
112510790
27568239
43503681
38296167
117098564
119205725
33918856
107395984
3459
95345428
38304529
21220777
17569846
44788179
43462612
18737358
108127671
10683660
18907487
114058258
34980638
95594694
27976537
99686389
109213395
34369969
27671913
121766172
46045231
3581833
39489428
34527813
27283935
23505856
26197104
35248488
98904840
34014795
40115848
160903
44901473
24376273
22624086
34479639
29046529
35043897
97660505
106820754
33041211
45973307
10450
26017268
29514724
44533782
14956867
23424999
40216312
24406715
38514064
32133298
29795260
30062294
30767742
39734875
40867140
20845413
38847637
31221407
27153974
34247407
38000521
124319704
34911420
9494745
4325149
120639673
29171940
26433398
40331975
124181695
34938229
19476965
36852503
15790592
39080208
36600638
38000435
293167
29183492
44239651
32035414
38094239
31118038
23927116
41445500
96913110
21096320
42818739
45056973
94306643
35021042
24701625
34064557
2265395
27472173
38023621
39153494
31959306
1429876
11203246
106985077
39080126
35347253
12256840
46055195
117604436
105264134
40878220
103389615
31613032
41741926
123497652
45970431
29923450
25944497
28277850
36045680
3377995
37538474
31810655
287912
34113483
29642594
23304496
125062006
95287151
27892102
44053838
121010318
29906641
14114
127925490
41932286
96652553
23295337
28201148
108127458
127068613
105938722
41770938
41404649
29902006
37622473
31360006
15142329
25567232
23024583
30651595
31292705
34672353
28465143
39597556
28938939
45674666
23439447
10005800
46617904
27022023
25176770
116272634
42642365
45082313
39450745
36263341
122840604
34528216
121411271
32589678
38099545
1273675
38228449
30548242
35638980
45725807
45054578
45118420
43892265
121212746
102450104
27455821
39080072
32612750
36086418
41004029
31894620
35576322
27088252
156922
36248953
37678696
41272222
32714809
114205307
34528835
27744747
127925061
16922067
129582616
35061121
108625472
107673637
114396220
364976
13883743
36387221
29754126
24446634
94669436
46547947
17007375
39614363
41869258
23202429
39191411
29040330
33137743
29306781
34527964
29058375
27370717
29876657
3868547
36809197
129662925
33109399
27734766
24925267
2315986
106859421
20838138
25460249
28372625
127229831
106828478
39564220
3963339
42864797
405808
39034715
108204927
30013242
114913332
31621667
18783023
40129584
22166861
4645142
28403348
36369235
984019
37962060
37735822
35223516
95868857
119339221
123565086
116826793
106837767
22452904
46154963
19286732
33889825
1355
24091813
44903318
101821296
44366611
116779618
16470106
29461256
43315280
37884148
29472639
35521173
114821091
23125104
34691499
38209082
103083994
99569653
99569653
23544918
108126866
27794386
17063718
35814614
15968177
108128135
40724660
37053055
28125083
37205718
39659281
35651961
42277664
45194742
13427734
32664443
119895
42082503
28882440
38549279
44342845
19746278
27655043
112884211
45739204
118944976
42025435
119109
26427117
26308255
26184323
45513794
41852250
105619072
95689698
104111459
36516005
14110253
39825863
38658075
38156912
25426051
25287510
22731510
108128476
112861057
120482462
38121615
16389388
95325074
34528153
21239875
1047872
108669940
34716875
714
33089990
45968120
11969798
16249321
24254944
40041282
30584503
34515190
119758287
24738313
2286932
99777252
42045023
28806666
38253087
22716380
22490365
26389922
30074172
37676198
95199199
15908698
34204545
35989941
18124494
24136539
18616036
34528179
37726129
23564175
43131906
29551471
98393096
118184136
3250628
11621792
22990810
38260582
39675367
94717376
33150905
41813993
95355317
44264244
27864293
34716326
99776591
106070
23185162
103098169
36194062
23035216
43251403
37820696
35151108
26493942
36667515
46074357
99834596
17333988
97674321
17508452
26978036
97506542
36147839
34528525
94918654
119187536
27900081
42340084
9645
28471838
44587997
33740333
16980751
30233267
13669816
33306317
44747875
34116496
95460709
41301882
106172610
113854694
96862940
36831577
20456736
197263
125004421
103695969
106987913
36039
254556
35453503
117602581
16520888
39857958
123658671
12469956
26657191
18356365
108130223
13762862
31951162
28616077
129979201
103880159
96569964
123456395
46379903
27796104
44847865
27091373
24756872
109388335
40348754
19290941
45924592
36713293
35691604
34625296
34215573
41403156
36251039
26800822
99351837
23438312
111721569
13219971
106880652
27480429
42291448
119654438
121441694
45119908
3168
16517666
23197546
46297461
39080085
110715182
43503503
108129582
19745275
116326339
24148993
14304619
13569130
18536795
29509030
22736034
44744406
33519659
44023366
21354
37618720
96539279
16775977
31660695
24187484
37859969
38185695
37948240
43346848
37000377
27170131
22142529
25858005
98885822
33180247
111578598
10711720
44430560
26584586
38695894
43046770
128049693
32714866
34378843
20017255
26006257
112488985
43986436
23049237
14631481
39830322
33366598
26646437
113635267
43503694
27938496
32806442
33108861
23703769
94560272
35785236
40264760
121781468
42311101
109317623
42930588
1680
35785205
23872332
29691388
25943575
21434998
31213187
22965375
272049
26941775
43919011
4634390
43702826
28469067
3816534
3109123
39080173
31483240
29991
39855289
19948688
41161928
26906324
43901391
41567629
29532414
111155620
39520418
127216421
29809500
15012481
10284970
30720606
37337078
44633583
34528799
39080098
99521629
34527881
39286974
45251830
38136173
31969346
396828
32206722
33815405
31169725
24911488
46450128
40601518
21367130
19232159
25051912
25809689
43849838
38083676
124722778
40715176
4071536
443534
40891590
42806518
15036262
3632
25371632
31389465
30291027
24739958
37974362
41531690
3840268
100104267
126220087
44652965
35430716
22935907
17670199
41555605
13302
43747985
32434525
121955270
44164847
43660281
28708721
43019120
45029465
121768
127245573
961618
24742811
354372
127807506
114630173
28028853
15953902
36452155
106970447
4057030
30872677
42716368
105930926
30739679
13293880
36465079
31491905
121488750
1407290
13540134
29062628
112704043
24275537
117745283
30238125
114570167
24527053
30576005
38480891
22959454
44632629
29558370
30842489
27741714
23482909
41949971
24094338
30526887
127554108
31533276
12236177
32178321
30238065
33458888
27667552
30207189
32352682
10681531
26788786
23826108
26776447
108129353
975711
99099155
117599017
41277114
95784420
42693777
30464277
42634338
29884535
32356181
23941010
23941010
108057937
100653494
35384022
43195089
26351005
29108546
22878387
104397064
10965324
123138290
120376084
23153323
41660493
96884826
21652082
42877970
37160097
22715952
27439367
42277581
106354380
22974835
33439877
2541709
34547702
41609933
34009026
23781565
18740668
43853415
108129070
35807273
122975055
17522135
39080200
42346288
33947137
2974
116009809
26060418
32202294
105250379
24230511
96794207
100954660
24470374
22988840
118264257
40725156
2070309
35816020
35095382
97332219
33683725
123106182
35160087
114827811
42394685
34528742
127698312
37877714
4553556
39398930
19389017
12467429
25854613
116181796
38698925
105427696
119950660
23902804
39544854
98618976
37923275
46423971
43422360
14088672
22902795
108130429
40723354
45139932
23136452
40041545
28842904
41741043
19191317
25869828
34294976
31041636
99296079
33049742
29644119
127969965
102265677
37806416
42487638
102076335
116152424
34484350
46486149
100175137
26241062
22745789
123139147
3769394
45993355
42167649
39362623
107720320
32812122
30143358
34465871
31060148
11570609
45732740
102135644
44409353
44301004
108130036
43231430
24936599
23507102
33878258
120978225
17146774
105846725
37094684
117432536
123139681
24105430
27615349
38691136
1849
20601736
30525491
30314549
123336770
112504152
41051941
108859932
108859932
108552697
41697244
39985890
100483584
100483584
19400441
100483584
18035017
18479452
23840147
25892529
44075209
114965139
112651655
123141016
36557224
44153073
106036941
15356866
24193230
38461576
33532235
123138728
25124102
115507608
12244467
15246912
28658784
35193970
41272644
4489985
35319543
123138832
35749026
123140650
33662970
36648726
129201384
27245703
27881675
123138519
4323804
39080141
118388868
32716331
39890940
30493961
27895065
123140194
32180329
1672730
26536146
34300769
44475890
31852298
43992176
40129773
33916482
44640732
39520338
30346940
31824788
39325103
40843618
30914709
33401862
23643906
27195790
27117466
29700547
123141256
24069898
30589563
115364403
40850509
41265855
36982922
45409582
39080172
45541689
29746763
32058093
23595363
26911663
30168233
40469626
33764742
34528678
127088836
110430668
23736848
33009863
33843101
26397351
28748235
123138388
42466269
15591739
27667953
23580345
124850980
25123352
114200742
129841353
22733343
43503235
41833567
46598842
127211280
35780861
26623514
34273828
35490380
106789668
35629501
115574669
23509252
30095235
45539943
97597836
11954516
111888555
39747283
29385594
43138515
31896922
119286341
95847852
38705859
42568897
46010315
44450892
39125409
18081436
35475952
41794985
33666599
35001375
27753564
99052
42921989
42521128
35760250
3314280
31921330
116379615
39647201
9494209
42956080
38690841
40323592
40082327
35576202
125303331
41903770
43925626
3948346
31749419
117708481
25843140
107413693
17210652
33803304
17406378
133701
40297829
40049583
25320619
111901207
25165799
12155893
27878343
20092273
94767915
45707480
97929085
46337218
33080885
97691739
38491279
40946716
103781353
25381090
23133014
14691798
44792690
37398961
41316509
23749394
110518230
26126899
39908941
33879083
44057631
37579890
2698666
31600594
42858020
123055476
24943107
95817553
43682523
108129763
27696031
23983236
26170520
9828339
11238722
38665380
35660213
42451778
43135361
44705563
10819
11496687
34749428
29237804
96355459
42292974
39080139
127050074
20060920
38374213
29723863
37792649
10693037
43787782
34721659
43923952
41890491
9747311
39555028
27829659
123664596
26864171
23268451
23951627
117186263
33337379
35549512
28901219
31174059
37678660
103434757
25151696
39123679
41157533
95855125
99414320
38691043
38850079
106011704
23588900
42897151
31083594
30629015
99145535
4554481
35345155
14568263
21726391
1179772
111766136
29747340
19718989
109451237
2383551
112292509
29681902
108113587
105143243
39687442
1791950
101316110
34065596
19611990
35835614
2736916
38168115
29220845
28643746
40972136
37886182
40913132
36887891
97497748
38661834
46314994
32047627
102053720
32565196
31980129
110518314
28871588
27057880
42278142
41107614
45693808
103961322
124834749
37938407
13772390
12218757
217557
110406504
33428017
31916762
19069441
2785866
32920287
108054702
26212903
94744067
21097353
38687376
121997847
27000252
30874454
41274911
43135804
22828351
112710623
33839757
31773776
37562463
23419392
31850468
112836222
113541440
26992296
97345737
34370033
102636214
24029839
35900125
12931340
98074974
23562676
29261194
26916918
34923985
44053412
29463189
42556019
2541578
41039491
43827598
35711
29725176
111787163
40868077
42378182
122572772
37743985
27516681
23396502
1485
30358840
38779257
23482158
39374226
38551279
127811605
33225973
26018968
39303781
123629879
28045060
42106069
112455521
30932259
123453104
43379448
23315499
38691009
44821102
33394147
24749774
39080205
46561275
36104739
108192250
29809816
41103849
107103361
44656690
40483839
41859371
35182135
9810319
23496822
111182922
35612080
34283158
28351911
40747210
36541026
122798417
34468364
17683896
27615468
208344
20017218
123861343
36812182
26623937
25990964
16411709
42779558
109431170
28542288
26762288
37255766
105823194
30437563
14662843
12673560
12673560
34745748
100089998
44030136
30655883
31635757
43607398
30476782
43503575
1090630
38806371
43074088
103370875
136244
25313366
94531773
38690942
21655534
1528722
128802141
117334304
97494559
105074179
40563717
28519333
15956248
36283439
17469840
38292304
23372133
11693584
99923339
43503550
98940503
121367291
124072426
24412231
44745064
40010604
27087137
100337839
33496713
127020815
42329211
25168838
25168838
39915550
44853756
31256183
43366042
106832230
45294526
28172547
25129453
22744062
35103718
33433259
126363317
38328058
38000393
35521171
34097785
27786135
119027934
40498828
18591998
16970974
115902427
12593945
2096952
139795
30472327
39439736
9739353
19019801
213744
12340383
44039859
19719022
38016842
42713057
32520651
40959947
123457358
104332051
35131161
129005858
40298933
95474282
38691559
105247330
37753541
27179774
29872991
15866511
123106437
30412346
46257842
23185354
35835092
28041097
41908820
12136084
111253854
13185834
35741689
100209243
32983886
30116373
121113780
41440723
108138809
39417963
296496
29320599
21886572
37268190
20104194
30125080
19211513
20833574
37556569
94795549
37892480
44764205
40016567
37340527
12031368
42659381
38267127
28540208
40292330
35557804
125301333
25344359
12080041
43901086
45382092
154985
12571176
94720577
27963519
128492461
38690905
111240303
36862543
44196004
1306
40131273
38831835
3826223
40064902
32619378
9563604
30943540
23342771
15624059
31696726
17679428
2408816
45432439
41438047
24972801
29096949
41922026
104759990
102238663
27553079
31955143
96463868
101792942
125075499
125075499
42112043
23847544
97218916
95763125
33064808
113752886
39545158
2205729
37830074
15011802
41983262
29851105
35433091
31417540
34573929
46101364
109108138
41139501
10218405
27110619
37428853
31239753
34333179
23669501
119610816
28863282
129769303
35429642
24987427
40860599
38507668
3983097
35176013
32253297
46173219
46249401
41150947
38028842
26141224
39723806
102802546
23750724
42683795
115957831
3818
29490942
100919132
25837402
43319912
34375287
32124541
41224905
27523046
16849496
38388672
38220203
19377311
10919621
41682596
16096183
33295105
35318914
4296458
23877091
31439745
111339576
95128257
34756361
22277555
23319307
36948301
25947555
36306607
96807430
17079934
43503460
120997616
12546603
32854
117103459
24284962
32277870
39386700
94367593
38685014
97432244
45377300
102862830
27737026
14887710
38271208
15094505
18697572
4039171
110786578
42102531
121757208
34944990
34977531
23834959
26919587
10119916
27500658
96208667
39243732
25131818
39072488
33709813
123459066
136837
41669894
105061889
109740968
35966541
123192632
95933074
41308662
20785629
97902875
15260252
37875518
26457115
35237657
27544263
38690745
118439757
34835936
38278664
29892778
111505629
309831
46377839
46381558
123055141
38226360
27378318
9506061
23138673
100846994
35052228
36456939
117308226
33375940
39615703
25932646
34163417
2618
104170434
21990208
14675331
30519651
39545376
24298965
32555175
38691094
97447365
97882247
100104362
26449296
99098722
42423988
15537806
30054158
18577132
9454603
113
21939746
30991419
46423465
17226077
31535366
12647
117961492
103883
1454045
109210251
1739763
26342574
34634681
26782760
20058198
41567474
119939262
43596631
38472441
23555266
116871226
126239339
23281547
22847595
18072583
10933209
244
28691463
104820653
38690427
33104681
100383795
100383795
100383795
103931665
22628997
20537665
32023708
25945518
31035800
122457146
40785616
25344169
117918220
33799319
128572652
2408591
36199013
36622411
122195630
22077288
34147518
22751485
24108529
12372407
41588942
118499220
43582929
29488919
38691381
34404956
41095615
102277177
106964795
13501453
129354409
37204883
32703987
36331806
24091772
25470287
12454481
13037685
19909214
38310481
106350642
34027381
46393761
98333410
45616399
34216842
123455278
26179488
40390849
28976701
33416103
18237202
34955307
15955496
32540140
38738867
129109409
20793074
125811978
38793584
19685726
95178105
128304373
120977601
128801501
21060187
25538079
14292589
26983334
32069938
27564689
12568711
31499962
111618922
40626080
45518767
14148503
31094309
1154188
15931
29158042
1268449
38000487
17964157
46438890
102751112
28846236
30231515
98850183
44523701
101421268
27378052
36578247
41183770
41265638
40539361
26582877
18709845
32125219
35528115
36754416
34044320
32621316
38587020
37866919
116683903
34070005
122824082
44278061
104550122
28490858
98183232
101493022
115044235
44515433
18268876
33521428
24097607
99937252
104191653
94475092
98828375
11344776
21375478
31911042
102434853
125011531
102994607
43037456
24324125
38296351
120997136
125376037
41646771
28841148
29411150
41623203
32343761
31663225
11512225
19590548
96589855
28023821
41367839
44155346
31935454
39415112
726
20472213
26684698
29091941
19308134
17870552
34902046
30476534
39498543
24876318
9580285
95215278
105615941
125146809
30680798
43889870
27138613
24278626
30115234
36209322
19779149
27177185
24384059
39338538
127107603
38246665
26046814
31592778
29292285
15263599
20772158
36573302
109396217
112490438
36448868
111375767
99180518
29080178
28077295
509
33779339
41482297
41944724
19082786
1542546
19132662
30549927
44986529
28387068
33719338
731
97767126
375595
40766972
29338866
42811893
99632356
41338860
784
3484351
35862441
361820
27235512
33483895
24548556
33970195
18680302
11481116
13304
116391609
14721677
40773565
40881761
18007290
23663000
30346527
44939685
46455978
104530684
110302341
2251
35014956
107052055
15659691
94674474
39329944
26603427
400129
27591602
34760755
29156611
12110053
41153681
123322438
37099448
111372327
28245568
104551563
24022202
43756958
101886745
33462496
24533708
24293858
10055384
36456996
39284438
38480657
27477956
42872744
41910964
35027856
38981315
96812714
20179762
104859629
37236260
34632252
32747779
32763914
129632824
34701649
29094228
108670748
46547413
9861599
39544928
39445664
10691498
25131502
45587837
30483952
12780510
42370492
40969012
40377779
42924492
29606875
23661808
37051749
3800580
41387082
32836152
102976872
39451283
99912391
105295848
27566010
33429094
34748216
11072550
19343004
35089536
32588450
42100593
46213899
366003
29927921
2211058
20587539
99593929
39861987
12031704
35203529
42265518
36399208
28739012
16923269
27032950
25502707
27790545
40286393
22294083
39341587
118527670
99087766
37555466
102365492
27737784
39651759
26032386
40289505
34552481
46593245
28623496
46091012
112602088
11305188
22038370
39437857
36943138
44848088
34474056
10199589
1257785
28716365
98487281
27721772
9871435
25726869
104669972
43137732
29725517
22310525
102801403
128584911
36775937
41885467
232389
122461079
45361923
33282442
38160207
35235820
35189405
99267545
33246816
17919228
31728720
121700056
31904723
101140939
25613643
23048082
101078713
33575883
37660077
23970763
22231730
33193420
103840881
36708473
38385763
11098977
28789258
29362463
94348121
30100379
44001623
10058641
45201649
115647445
34649478
35828815
104838176
19492084
27928348
30946462
46110527
1661
31412773
35171030
16208667
40181588
24424385
27258380
34454573
38187990
15788725
36923248
37342757
15738223
114735455
31699319
122705771
94562352
105221728
40528520
19519036
33698737
38594501
43707555
16108331
30210603
26825629
38719972
100750597
100883169
121756516
22825288
32644494
46436625
12435153
40181646
13743007
110565914
21579301
108782399
42233389
35994507
104819466
18387637
34298922
10478675
14832011
22527806
16395362
125914421
27624857
28393690
45222970
100576326
31749560
106042931
43581354
96407716
23285103
24403864
19397891
106444117
34847859
104198397
38691188
12857146
2688174
37567999
28759310
19347426
24433412
41932471
40725699
22168352
127284320
31112617
97032538
29600989
37949747
4391
28359212
38395854
106782500
37088334
34596709
3967881
36223426
118446201
34869173
39735654
37752959
19718945
34539890
45041183
23168967
9928
17479367
37725105
105185078
30890356
36813614
31754786
41416674
41529026
2849
40726984
111733106
38889652
37743822
117292478
31050304
14436309
34030913
36422332
34090193
36031799
32057616
94920838
15285214
28694275
20359307
37978205
3880803
171553
1120879
104202061
17655734
41001293
26055571
12739779
39779955
125646614
45575143
30959591
43271839
41925848
23977452
33309743
40879776
3470145
34351055
41444784
11392978
40575907
30767049
38370037
99490019
12680100
32641540
32878584
35085669
42942429
117385086
102799366
35452534
110469209
17785825
28692976
31225057
15911874
25043739
46187702
45585353
9516317
22831650
24765
33490907
39729087
36259836
33658158
26166496
45274538
114566168
39888706
38906195
38369710
108784632
127248863
37009249
39834333
43988568
128325474
9782227
19720218
14536657
41683506
39664770
27763046
101521532
26421686
97827608
36622653
96271790
23750790
20053351
23181413
98658841
30408
42814984
26702481
105615349
120336438
15283223
102904262
43654219
23995866
111514239
29990678
103426161
137417
11664745
106498463
29584235
112050546
37268163
2618331
39544024
24717587
102867937
38236425
129772452
19814098
40504229
35948355
37056240
21734510
40378173
107418553
4537617
39130136
39545266
45922560
94867861
45818552
28569125
32158498
39545317
99986248
46512837
46617996
96134759
45631430
24259159
44716109
36959113
40725884
28854940
99976478
113163202
19555151
44897271
38690807
40650291
10650687
108667746
114709720
42455207
35059607
22753480
30663134
43926724
15683627
41686167
27743203
38009819
36530198
25697392
97471981
32786443
42002404
32277972
1314709
19725769
99316490
29986725
40591578
15207635
39534152
40727346
42467058
115947232
30101930
32879518
46134421
97838062
25342341
40181324
95068975
121394391
25735712
46214310
105558869
45686609
23872073
28402905
362451
20716903
9788514
108832377
28020222
28965845
100936019
98930243
101356790
206
1744988
36601594
28816611
38037205
112352912
18028261
29520757
36418955
34156761
17827769
127065778
18147024
39545381
129979473
33419534
44571475
21326607
98572745
1317
96825983
36973724
32394524
103174725
111096931
2001
23685
40725201
46469406
36220599
1622824
37962425
116347830
40785143
126627530
23552797
104034166
45835715
44143292
18371622
42870391
102394307
119360397
28738446
40181970
127372052
39545028
16383831
32564122
102757008
23486475
36766434
16180876
96471294
14565494
39476421
1719467
103187875
22890129
4505447
40777860
97043346
107685474
39706234
147174
96890202
28715059
35819588
36397902
13969324
128254611
26552736
40865377
31348380
116884483
104960808
32639474
30230765
38025114
99370055
37758809
1115075
40582577
39338758
108946727
246511
14848323
25268860
16902700
101842889
23895498
39431656
3346832
33431032
41229390
22734051
44989697
117214477
42864065
37913724
30385322
35652821
41515536
46115417
13578465
42162154
37411149
34697519
16906714
95383904
27796456
28182343
25134494
27775001
94935318
33583773
43098532
27271
43597469
755
38217951
42092337
13322740
34915833
181031
29973665
38619291
44711303
29153217
17035846
29455786
15894587
28575732
17666600
40081871
107448377
122971424
25112852
27999076
33935812
23516158
95856107
35705429
21540970
34568519
46424916
105794647
129682455
29823
39381608
24507257
23356486
24631493
102428413
41263105
46043502
14392011
43418473
23826822
27039777
111472748
45655286
25266684
25266684
37040135
16880142
23473641
40181812
28881350
26109011
118015245
126098619
21730558
19432125
355863
40181743
111837462
22380525
44360379
19144320
1027785
23911350
11926834
42101062
40181548
43005314
29611451
43503264
40181476
119710347
30362791
45956321
32629411
97376162
33938434
32573556
32742525
39392899
40527240
100198900
126667934
40726020
112476686
10157696
34905447
29357458
41931658
126540441
35673445
20979064
31033230
44354350
102047696
31217116
103096025
23803031
37488722
41161233
3181080
26002598
22326295
35144827
45919874
101965347
28316697
97836961
34617436
11324533
26626117
39511201
33695724
44256610
21763292
33608666
125519599
118982503
43321759
26015443
42010407
94489007
33504019
251853
251853
294312
129818649
36775317
36840461
43282861
17862264
28950416
34157205
42949290
40264192
25443459
35834229
43773039
22130230
14057181
24266869
40390806
125892008
17704057
35439770
34064059
26619469
28434970
124249069
43499566
23459697
34480757
98559667
41946623
35805311
31256547
27654574
42658634
23580392
38624893
30857188
43240014
94917592
129936276
96155134
29286546
3921730
12754990
25921770
115987924
38456873
12216997
25080939
27726055
24776055
20602865
34019912
11283947
23408803
42919472
41809514
30158001
103472920
103051133
33905303
16279297
104163046
43503753
23413763
45671390
28753765
104171544
115658292
24946565
23894469
42745043
34623182
14476372
40405598
11696488
21700319
34718747
23357538
43662208
125694280
220
27846618
110945808
9496034
1825069
33774716
34202590
29725575
37272264
20701067
126243377
16049655
16937743
34460948
41587132
1112285
33974407
40181931
109584179
41193905
37553205
14753303
29455669
31403763
32277420
10334156
29423776
45172096
41532592
31077591
119446
23110013
34448718
27901407
33763908
33670029
29653869
103166227
23416717
32443541
38191902
121153582
36303114
35471179
2422040
94655318
28301494
44471248
34122771
17476286
44579722
2026
22791631
108345018
39327619
23568032
33434250
43606620
31879260
122393893
35190834
101866338
105692782
35078539
34082494
119270694
30808441
42788054
27685949
28192313
35100531
129140810
23161399
107524197
115789545
103865649
95102435
23878969
27740785
42277094
18951080
38969444
40377887
38045396
33856080
101659574
28736122
46075038
103773916
29589399
42895
42529196
126341333
25612449
27570998
43288445
34269876
112405
41104581
387268
31481944
40181698
44970583
33336025
35197590
33664106
4423
127979472
4051472
43503630
30913680
41688426
36792562
24983507
28943265
4568673
26352647
277
98248376
33750906
35005636
41653980
109223094
102402880
124092595
41223821
16466790
31233735
29498175
33803847
24181742
19595244
11059379
37754130
41324287
20709572
33066465
31955706
10697541
27943506
107281087
38044058
127368401
42077716
30216865
16786886
29892348
97882810
26516308
114978771
37283109
36690842
33351420
1657033
33915134
43503298
3463299
3270148
14392583
39399849
42235118
30206833
33940671
111205860
39674086
35576994
26343883
101238265
26802077
122381656
18696014
24746547
10065204
113086748
25183373
11292596
23815832
37876217
39007213
44703403
23669758
25582670
2674
36741571
39604425
14281751
27882591
45316093
39858285
27951329
12770770
18901857
38265075
30745740
39898722
22156807
40559389
94628796
37891626
21518080
46390038
24835500
33964060
108276577
107767026
40377786
37543036
105053163
26798077
33881592
14524722
31466341
23166907
46144254
37079904
34379070
40396260
38358533
39545154
24714458
95498532
26393937
38522045
33685928
18189633
1967021
10776407
42569686
29331419
34065446
126961833
44483888
32409346
28391904
21237248
32614578
40430132
32593073
34131214
40583748
106242527
36028971
33588368
96885149
28819922
24800815
9812
39661980
40725930
41989237
129727930
36765781
105825103
35071412
30936462
96591297
35769930
23075183
43163751
40635839
18666392
17039486
11995703
37919124
34410764
41415652
17680104
99906401
16739595
36068054
26283323
35578880
25355670
24630242
26338155
99126056
13728772
25653867
38294609
39968711
4579233
44054828
38801622
125599693
20572894
121730249
41940805
38156927
123288548
31514854
10541462
100756639
30133252
35576558
45793011
33714662
40233274
37773477
24090474
35578706
26896111
38050668
24373626
40677266
41398287
29416233
23474638
41088810
29721569
31356430
109351471
113036942
17557426
107539130
108078292
39107759
1574261
32937179
18407071
42286632
100040245
27375897
3730738
120755155
1821
32407329
18965853
127163484
40733895
9845140
123585914
116770363
20827226
41813147
38584792
38969789
354274
22099562
298528
29807590
35614504
99101271
37869725
103132528
40566008
42700146
25390112
36409193
107071607
2977
29300166
44601053
12364547
27078945
35659583
38521258
30498042
42026996
44334698
1275784
32699126
44537698
43237732
101758385
43472022
14156175
44518379
111370563
99702182
103700295
29196585
22759939
38686218
44862789
40957344
25510790
20367999
105124370
129121756
37750510
41966408
103924281
402965
1239834
46511337
2187048
174245
32518550
105461028
42032059
41868011
33322342
98793003
28544898
34840857
38402264
104893534
29115409
1384293
97198838
41835561
113559400
32742110
28044924
38521907
29323705
21979770
10772150
124985100
35088160
31776878
44770386
31181602
27323285
33229281
10682771
42205566
43157718
42201181
23649063
105218324
27861152
45085246
44768576
42889579
30709310
1087481
23053131
34302809
124303122
41229700
30232235
99839307
27246052
26387811
40496980
123037181
26352450
127243202
106203062
104373148
38861157
34062030
102188572
43123258
25072924
119528486
38867719
45755033
28916342
37882454
28291499
37752367
29698527
99487193
22862350
28693127
376
13411275
765
32474113
43451381
129613989
104166407
42643879
24684922
97065090
34901363
26486765
31794821
38109678
12068901
37709873
42798895
46448985
27384901
122444792
36411362
115206751
32038
18966309
129837729
22748357
26238053
40710957
141981
39644211
112984848
40928748
99245847
102107767
127476118
31980961
39700918
19400206
31828606
21095775
116419997
2712165
42070824
105247897
26870268
43922037
29006526
3519829
38134490
33912731
14719576
34338083
121341584
109732437
107818594
106587473
29285365
42860499
27283942
126851291
127470625
27376778
121111689
26028117
28181075
28046056
112796285
99937016
38416245
120009305
103319091
41131886
45177418
44872347
40181856
25948203
29224251
20169232
98115532
42846174
120578240
33833860
117711555
43351512
33636525
10235480
26725788
115122450
106988038
23260511
20648916
101596098
34603189
120374391
113960630
28481964
38344204
193736
24313228
24806617
420346
29483793
25368133
31386778
39165933
36360108
31691361
27759569
22094856
123803642
10304062
34379739
9533335
12714761
26686851
23742946
33519515
33797895
102157704
129953375
2215843
33538623
33538623
114446944
15620178
24111246
26727967
101605634
123191576
28923142
119157766
44666091
119954003
24491494
35916735
30583806
123417098
41900379
37235800
36143940
125516303
46422551
26323878
35012866
38621951
40923067
23669997
26389816
10904345
1850339
22192347
12834456
28381769
38521969
17177040
40725726
101145537
170578
107643437
34750437
30943804
106988440
32608106
40158431
33923105
42192395
43034616
18213107
24732375
4707
36259673
125079865
125079865
18519054
32331179
38771164
107680077
43114706
109096828
25318004
29796272
2369532
30786950
29025468
95008888
28424422
25853547
98524229
31162282
19498021
21369117
31210544
32465710
108172063
39
117399268
288
44360037
3779815
112614012
103663851
100208178
103195
116338154
40378023
14412570
106451417
31563304
46555865
41855221
34084756
25475596
39848896
113392517
35929654
10288240
16462767
111178961
105494325
107532368
103189052
117419923
120730815
4212941
30389029
24548082
34833544
11310553
40378148
37929956
405271
20711487
24280
109001177
39719892
23984425
97683519
111826975
94679282
114711866
103153295
23866189
15007644
36971866
24982675
708
97611353
24196207
31356179
28932606
35233989
43806243
46424681
26364953
10839812
38763308
41432687
29583701
33956690
1192816
102884967
2062171
962291
34834046
40584058
28486975
25336231
37829244
13419791
24410484
43278477
104577590
97526395
39911616
35885922
37165130
1156610
36965584
33682639
41890723
27938289
113161053
119148123
18878581
39833689
10830340
105075436
39742836
126196919
29117331
2200741
37390961
33858187
23697841
20517908
34100460
22162327
38521859
95377396
44041722
4529580
28857956
33150419
111572021
13051945
41674686
96932420
35372
41997090
37743396
27664754
44497545
20017659
27591989
42941714
36993576
30729189
39848371
31817865
108607084
115133150
29196214
40891982
39931
121452222
40421068
11999133
34916332
41844151
108998142
108443824
11948068
29348442
119839911
38680476
29003579
44743077
33360510
97898064
32844640
121878181
12066
117711644
109095785
1874601
120899101
39482285
128230304
35176604
97375213
45361937
41970634
27126289
41141286
42313049
32641746
36219528
23907851
24249701
2766
22736114
15334817
119756085
38857960
116179155
18655973
34057497
31482748
18437915
38391566
104522150
44710631
40725247
2042648
39982632
43792856
40725987
2197800
21655772
11068863
26589302
41398988
22096406
43621960
40181887
15327516
29806615
46590453
34772723
38523350
30255249
18201575
28917180
104098674
36884754
126341292
126729660
126729660
25130321
115597081
118107288
30251922
15746567
25201586
128099626
42561261
129618859
35015087
105518283
111154376
103800117
95728380
44721377
28220678
45611474
24601277
23588023
113043816
30619581
42547314
29307819
1874667
2665456
20225241
28069238
107768437
32640013
114307965
42981645
128700102
23280964
31064809
231392
26361460
10148102
26970294
42981454
20075697
41247003
110705283
43234662
32169312
121020158
12121796
14792276
99342902
13201216
32654612
21035513
109344821
126684576
45312508
36006205
43208672
10543774
35207911
14173587
112186597
110787521
34310330
4391366
37334713
34565378
103204546
297836
129728377
40034866
35838585
11045999
382321
41670861
28302704
35406511
46257990
41520564
14073063
39403313
34354144
11801111
102387237
126047835
11999
33031568
33141326
102468407
45662324
39545270
34491914
12975
30096351
41380062
2579489
105615485
25064892
40018862
37345998
30113781
3291025
43954953
1820
25859893
40762763
38521895
41561549
15503435
29386052
38374892
38657812
33694560
109475324
43325642
116903844
21761013
27411925
45296659
1914299
43085533
41142370
96549518
18882391
35524891
125667709
725
45724291
40709605
113761233
43733973
124999723
41204731
100793451
122212450
97061631
38522062
37634085
24487105
125927592
31615343
116318
38737753
40040376
371313
31499699
39956231
36837512
42809300
46509177
17605759
22801074
29013846
31257157
1108167
95135594
105540543
38305220
41346446
112511153
128044117
35277280
17394809
37037490
29743474
17001637
1777
105384835
121179198
14787302
37546107
95258409
39545048
36958793
276219
28509085
31676526
99948924
40804689
26284791
39892089
34600207
30758352
36404917
105785199
15480365
124232318
2044704
120461692
40742502
36465612
113582258
36229854
23525765
94343154
128899692
36156673
361
20184916
20734690
127374931
46019376
114937880
35633334
41997442
22880961
30307938
18778692
97696957
32771287
46217447
39726165
34204956
123287849
37241859
97193805
23208411
45572115
105407478
105211777
17003055
33648674
30419992
1224089
32376169
110807782
127270961
25236738
119723665
255391
95734844
127419568
24295808
95016629
99626804
98428387
36636899
34449124
40982320
35176369
26115263
114247382
27380885
122690932
428815
119488305
38268854
17668058
18057
17673217
35176567
44586958
43557591
12919375
20511357
26428292
39235439
23431986
29185108
40378074
37033711
46326433
42205041
42259810
34665995
430055
32749407
42678785
29917458
111573837
31793007
38522233
32025407
43047161
45172787
40379
28689448
38060516
40377893
45625788
114422580
31393329
28833578
44760286
30706956
35156696
95663059
123103048
15066740
98072820
100326393
16490990
124163086
43209385
10604266
24993367
2701
42707401
124542111
32103560
105046323
126205007
126020325
38522220
127963853
30191320
18972925
34312802
35814059
46251804
11544474
21871111
113292184
46491980
28911630
100896537
32659662
14378770
33171614
20583578
46217147
27487887
29539379
44354263
46487993
30092858
33944228
25506667
10955211
119445243
30660086
42823947
98647548
3556
35772530
4191458
43193194
20333313
106845907
1257511
31937577
45895377
2139527
45266185
225780
18785005
23147928
27040404
30062228
30825618
99231795
27438755
43776317
21301713
41856409
42919530
127509226
27110765
33507188
100512914
96730
4503979
110852637
23802826
33934730
103929545
96669250
27493675
109706378
23203122
40377920
28641921
45729680
25825797
14740587
109349119
43840437
29721010
33619175
41001861
100155581
107298409
26282259
97959879
33646720
106666834
32270722
26997057
105720262
29725699
34140928
34140928
111958214
44221951
13848415
1463537
14495603
158761
19952086
32535608
29400657
46465210
110495295
42896172
22382023
10743095
40549849
13104757
30029450
94440555
111258448
105390071
25829194
28040633
13212026
109129979
39853947
111715314
41084838
104814901
15359976
14407777
17847286
13151750
39365644
101483760
94824720
39608382
28201625
38292891
46548131
230714
121724478
23101355
31887878
128341963
9837559
21983702
38194110
33821603
125216041
12409
125214415
18822808
129078557
23609999
25001591
22987301
4144670
10367053
95994303
45531316
46210681
39826778
117258922
105552905
45740770
31246648
23180494
122120729
40368555
11696966
29023137
128215822
42035501
18592599
96611249
18895718
43424773
12293662
21792535
101683495
32356320
2043
31472437
125215509
35390656
44789764
37407392
114038183
23089055
36135762
46497913
111330686
28201499
31764728
23598802
28525003
109143834
33775112
43214791
42272964
29346049
95801523
32478071
96776626
32978078
128461412
29421404
40725457
38522067
29342299
24618564
30646196
115686740
15471364
29760133
44034282
40061445
41600582
40333650
104474414
40607937
41190551
40232010
2194310
17346183
37144540
122599407
45943454
23851971
25807098
9785450
30486842
190902
126141161
96198305
45307316
23232544
117243841
105256967
35835432
45469767
29500945
26053009
41523334
36014007
19977823
97831270
12703813
26360753
31192175
101499066
119755567
30137111
30124124
38522190
37224679
31818733
101252560
44172
42490093
34314108
35353465
44305467
25792
127376432
26084414
36336868
122587651
40715730
11318315
31774411
26179612
113895718
38182
24791638
18590356
27761226
26871593
24580572
31215746
103924276
9547979
28190364
46032681
120964023
24098940
20503488
41678190
41493591
27815642
45128353
969280
12144162
45690707
120051759
24539896
2758
42510338
30384232
29074887
40413717
24529160
31886247
125210697
20115002
127053302
33667228
40238374
14692478
13448690
14799558
123692663
1310
31308230
24913219
36403122
1222
38522196
43503431
30761963
43132090
39130902
40722915
45499357
98443963
19519098
30250441
36440655
97774742
41942392
41343941
45333843
43308096
35176437
39281901
107670957
43979779
34162325
40119410
23236678
33567915
35879302
44490606
17438545
104289333
107158455
40399920
35176474
34892498
43445052
46170955
31496559
115913287
125303834
33674733
103541312
29715608
118703051
12379039
119263116
28386674
41473479
20707293
27294566
111709152
39394191
21035520
40287477
98808011
125212042
24706253
22515572
987685
115107229
41789300
40199630
11270102
1181795
107121181
111717420
505
335549
17557194
40507393
96015871
33998411
40913574
32333672
34980781
38816668
111723780
30026591
41506169
39020606
33106344
37371171
31039380
37154532
26210207
105612894
36521432
26288423
1325176
32805406
44568215
20408116
37467832
26466458
9932617
20302702
21642795
118449150
105078271
31727093
10033000
38522059
113795911
11121211
43096175
114728715
125218735
35437462
27322785
107891594
29434349
1340669
94535170
126448518
26296528
34894142
42391824
21030237
41056427
31441126
1247
18385838
42328702
28053446
39299967
36619795
27676423
45866123
36612741
15836771
33685562
125213402
18853836
94357549
25293054
29281014
10642
43340930
37990566
25499846
41429474
30333927
116166746
35177771
18207316
32438864
125772696
104287750
36054634
35776374
42813041
23769931
45408582
97324424
39030347
33292153
120512805
95677091
127445234
101283604
37527521
40030752
96290809
17063737
18814092
125231004
94808734
113252314
126528626
31093229
2880122
11615321
31123218
20865881
23353921
1135139
108533159
12009790
25687174
94305800
96837546
32945951
15465529
42201370
14179085
32603373
100481149
100481149
100481149
34611305
22714304
21977113
23390251
40971498
17589293
11391640
108019374
121440247
41284803
97427171
119097306
22590533
18954214
37224258
42107803
21445524
32940178
34114416
25596919
32076649
14340717
103277801
29456158
126756173
108305640
22590113
40694146
112581363
104706316
35960627
36445699
27713268
39458189
96019574
46042333
35157591
41075290
28906979
30503889
10213003
40726056
125217126
98405849
97171578
43764713
29019655
9957744
21609774
10328056
23654338
46220550
32519202
41960539
33385260
37697106
34015215
31153126
122282289
37067068
29487203
349258
25016515
21092922
30462549
1010315
36283224
44256840
26442631
43024466
33489695
38742261
17833376
25451458
127560216
32907003
100555762
33509677
25460145
95071043
115418196
30789860
125271776
39767636
38905579
40867939
105373808
42298694
44723163
26652139
32608222
40095494
23980860
39845619
40005393
42519839
97668990
37552016
21390784
18955902
19722923
29468299
40495684
400869
39949178
156782
97336576
331702
117445118
26005665
108722006
29794477
29478835
45917685
21121456
95173438
38623087
101381737
106433582
42869144
19807958
18116288
112340331
42094829
455371
32188615
28739085
41782490
37173161
11639022
34429444
20622108
104401396
125214845
29407488
38895380
9517345
33143967
34136364
34136364
16033892
32405757
41022894
35101812
17599360
24323502
97753059
40295537
35491974
43752758
31525908
13889
94387079
3601199
17493788
110693088
35699624
38231661
116810513
111968737
29349169
33006873
25882042
28825471
27882947
96693182
33439524
101747248
1762908
11065793
24816073
29725798
23505064
32427993
29439430
39545083
32169587
120318314
31271420
115458353
40085404
112255495
46281574
28938309
31791879
24463790
125233976
14497613
94598212
36028921
30298760
23227654
42813858
4217401
29775049
98321150
23388910
95126494
125216695
35104140
28651843
106514590
42921555
45009878
40112959
127719923
35684389
28361795
35177367
103223760
28788125
38552780
41309771
38382072
46092076
105922671
110759915
13510075
25369917
34978236
41200854
31491462
37228841
27543741
43368394
36176395
109241501
44065274
43571941
39918514
24737785
31013479
14064750
44150705
18375041
29184931
30122853
737
43031946
962580
44715281
103969229
11770949
36827031
19709595
34679007
16258570
25345653
23270804
44854351
115438771
35177665
36354121
4404576
95745923
38812480
354315
100428696
100428696
100428696
23960218
39902460
43309296
20583806
26179209
31006839
125218437
32495498
46449995
35615859
29192152
39398697
107809898
40138308
95726919
41478782
101373101
24339286
29290148
25124596
106761812
35641178
32164676
13104538
33962148
319124
38057684
33271745
1651545
22111331
34443093
35796106
10501693
15620053
26030231
36018423
35176640
42003279
28598960
31163840
20458507
105148081
95895723
35929257
38662272
36950392
44704479
41912704
17718943
11062633
40725841
23204026
118729375
1755
107968
32223654
102652274
32319626
125122187
26478611
28444184
122045258
43943437
28288559
41001625
35824409
33524537
31819422
43226376
39172040
44924369
27936065
44335499
45841373
106003677
111096707
44398
103226159
23917748
35841143
99773614
39837987
115258387
100925273
30539473
10621656
109772444
44848239
23974705
94366111
105496311
42481124
127962570
114002534
114280102
41808612
334424
29308005
30571708
24271825
113423367
29235823
14395224
31780354
29632452
24299053
23400027
31627122
40549685
100172466
24894771
34521150
10292455
40779336
128099628
15864713
29287308
16429016
33467989
106890139
32129904
124927106
33853712
2565119
44578836
34173499
121241704
27949562
44768131
123058779
42442031
41975305
109374555
34250575
41454884
40786487
27462465
32813710
16827711
31905775
104851373
38823950
40237118
123107847
32554435
31549719
27500923
28015161
42338436
44270144
35457725
102189361
115800731
106913528
26410864
23482289
28690719
21887184
39253850
3581843
109754625
18403220
33539789
33539789
39650403
31140755
18058865
18967282
32179668
13779893
32971482
29626767
18775145
21555352
27871414
35371607
106891877
122007641
94307268
37234340
31706120
38484531
349869
34172693
14124883
101684118
117376038
33122735
101147966
23636659
26370673
35165080
39557
44959363
2651425
33993930
44107446
129812336
613
33
16287289
15852989
96833290
17362048
36851569
118193328
24068829
45985823
18322162
41320828
108068441
122304088
22509799
21495029
15285908
28716363
41684471
41835611
38302370
24955007
97886392
110309531
23572349
116622031
31027192
108670525
42885532
32616592
36091218
41432531
30308801
31818568
122163549
40090455
40102376
121921817
112708266
21504602
22994530
106225742
30540533
26433135
117750315
106036897
1183076
19746145
31409498
13025345
16705507
2671544
22775981
18448362
44048829
41340374
124703346
37791252
27385970
32338890
97324915
35041579
1188788
33634073
32951726
1443873
27877518
24843760
35816923
97867285
102307292
39545348
28469607
108220018
26551990
125266824
123587128
26363301
101601703
463673
35166716
44685411
22751782
3156562
23162459
35650310
35252894
31130506
43090896
17131871
39595315
106293634
29014461
25710157
237426
116558779
39215368
46215541
40672356
34541157
38591740
36597739
45124649
34096784
27336542
29042319
26894068
42376179
40689651
14840461
22130362
11817
31584605
113811677
21296163
118526763
31216074
31286637
31967706
28602868
28602868
43682430
15538981
27435638
44062380
39926103
102687248
34203973
44534432
33554374
24906061
117468093
95517884
25428704
113066361
38815615
38054735
2432
3648679
41970178
23887484
13037415
95329692
36806776
104109539
16582821
38272776
38544254
120023081
42013400
29485489
105509150
35177569
42855938
98387430
28515597
95417140
43406307
33352573
39521478
29371932
26374711
108494535
34497227
18523333
33277673
30826350
127759680
3921743
39945294
97463966
96101324
45063326
1145020
100835549
116160601
100450603
100450603
41269474
100450603
11566801
352896
28239157
22743153
21916627
124727006
29294891
41146826
10432802
35684707
19057347
12875570
104340114
39640513
122514
30736593
14121172
114750
41658011
44883411
28755175
27991098
4509806
99701222
41884929
35144550
44794962
19700162
34679758
105845000
35128155
28995605
43941070
43945154
105503338
16324215
95069811
104557293
19853844
35797826
38378240
99100640
21514181
1056811
26991659
44760860
30547362
114078872
39144066
44753104
27427277
1208
397771
2967907
438355
37470251
27914325
109466348
30374824
15472727
42699552
99440566
105525499
2688
40233186
23485125
30145860
26221839
26841281
107057654
45799824
104227415
102758590
35208076
98670564
36672511
44975524
97534225
31774491
28091848
21965219
42333926
41560461
24281049
30089088
40273
28606237
26266879
33856013
10729221
28514292
42132859
19218751
17421
40144103
43421928
37983844
36302718
32943546
2919403
37446495
14385317
111364288
37802593
37695384
33509240
23751836
31938685
3603176
31574077
18742951
119720095
126480671
112288660
98446009
40836449
27737753
35668421
13773995
116412730
98791832
37365658
37156391
19040017
12999185
36770542
42495484
40812549
35694481
35724075
42503348
38256771
101136584
21184498
30944346
16512541
26796861
18927161
10558330
37474338
12310748
33327211
43376972
106370482
2495630
108860195
108860195
26237615
38303151
36285605
35176647
31194142
28019530
31833364
33120664
41170891
32598214
33811388
35756176
121173
37016283
11468852
1082684
35157421
18624010
110983166
30555341
42927856
27527249
11933375
99353432
94926019
42432
100727671
100575547
35052469
19112109
25346997
1835300
183732
16903211
28553809
24628179
40978738
35070029
2909868
106738106
26298361
426573
35967050
43092696
37182372
35177481
36209121
1514067
34977607
129359360
25231508
101947196
16413
33291210
111534444
17444924
25366452
1442
39862527
22743161
33309636
17664536
41740165
37473293
36182870
104083518
40290353
23282997
23729685
46375157
94945742
21916508
37287252
10635292
28205122
46258034
14899079
39813505
33752628
101982140
23242408
4355790
41969565
11208952
100432531
100432531
100432531
24225920
35466143
15971
46501087
42328278
13333245
34114296
40377831
116629314
100239221
40814210
27309926
29704638
124088790
24063314
1003715
1003715
1003715
35700726
35029043
45285230
118726612
97443296
29270855
39179758
95076818
118703121
29270122
38227977
38284488
29801524
39944404
44418340
38238020
25513344
100401811
100401811
100401811
36331073
26165404
38065989
40725129
106631887
117787609
100095290
18070179
15908640
42856364
41463318
40725802
97521109
111745322
23993522
116989634
28808624
39545068
17221215
13358257
15845684
46533401
32443293
14484380
44932657
39467789
28091444
10378955
128906097
388266
17986937
29233152
103065973
96463929
12604057
15830514
12994512
25713287
98925
45188529
23907357
43848576
36608126
99752857
39714166
116931591
36032451
21109954
35598960
30226269
43806224
15084628
29438886
102727854
42698958
35222808
13208091
129154763
20419428
33478446
21009043
12698764
22298905
41600377
113071474
17816507
23356765
41726166
17683027
32283248
41537904
29292060
125681236
35941791
11951663
35228686
13815618
39901503
31134999
23631507
37856
38316199
24756374
26592024
37542145
46218861
29794311
35068738
99942849
312968
31876338
94742263
109612278
36278997
36112819
45820124
127040038
28597347
25540637
25491971
17685008
39263253
118588
124580430
112996378
44134525
46535426
20040943
33617274
39975153
12395400
11203119
36327612
39752259
37468416
124451855
97422965
16483900
27122967
33598593
34696615
32295218
25511407
12770790
16074624
45604232
38307115
97895269
29209930
32585682
28718141
41556
113487611
34719605
110564605
32235125
39439883
106272204
1141987
45952604
43982615
21098626
39770573
33412153
36264171
23860985
104595710
17851478
12399143
15414491
16838988
29751846
39102701
29532168
44263392
40527789
106584687
42659377
34129360
124443197
38050773
43278716
128015196
34662580
30713157
122824044
100943703
37423783
12990875
3572004
944630
30558759
25454228
38801257
30207089
25088419
35185575
34670941
106984004
105073813
106849164
10363419
44496642
27528090
40095797
35157166
32834527
36727435
113547041
43801281
10897645
44926887
35174131
25909257
16109263
42021060
37175664
11231299
35156859
1768200
124047168
123786075
21017258
36877263
127610748
116406220
10909669
45351882
101637533
95944404
35276095
21992234
31732165
35961352
46215635
38766884
11375758
23547291
15040953
111035890
1392204
104963250
101871754
45042913
29995722
45671298
43021317
10540990
2762456
30758979
111717548
37335662
41268624
30031479
21722746
29423522
18231484
127464129
17659368
34243323
127541407
32578998
30455354
19270329
174327
12613076
367
177590
37563199
34636151
123483914
35115798
24219022
35834663
521
38082469
21457410
31809210
105615735
39374167
45955039
36164974
38853214
30698831
105220013
40725761
42690072
43054613
124046987
36887198
46226733
2133
15550917
39686922
41422499
28430153
100833874
32043368
34532
136949
99658920
95537818
37106986
40723302
122801668
41441136
108628273
31352730
43311335
18348025
40538871
104755841
43187089
28743480
40165109
98653861
21665793
28503520
30194428
31556867
116460414
21314891
2028
42380135
95074250
30345642
39464472
42627092
95392
46127628
103381685
19391118
36139339
114054493
45863807
26323016
40125126
23065151
44353935
98012008
27704015
43460592
46297851
27060521
124369388
101421399
101349131
116156163
108862524
108862524
31281892
44239981
95677998
109603205
2703292
14293877
105138611
31275915
30765
114256348
44651315
46070279
24149106
25210936
26183879
29628337
31032891
112219582
40786235
41948090
1623346
96283788
121944512
24013967
29370288
356962
34230665
41008660
42137782
106768972
129456816
102249318
31453936
2507847
34245888
31199776
37678462
22893032
13414639
45854475
16742536
31889325
103850024
34974433
117455683
34923525
107626558
94354092
31872749
99755977
100841911
97386742
127325634
27004609
100051198
31481979
46338541
40447191
31394727
14205435
42333323
36198293
120744750
31260648
32189126
11442140
38463846
23538975
16004451
21074381
125402945
104611828
41042715
35276355
29169236
122836745
108477741
32653825
3735734
28818841
13627716
120527898
26273815
18045981
39859217
37231453
22667251
36457408
3473919
16120134
17299994
30412320
39827667
26893397
29503353
46126457
24752831
19107111
20946368
25947977
125139396
31164083
10692
23300381
32185324
45035554
120613951
120945652
126200762
44395708
128043884
32544465
30377894
21513303
41280201
39544816
34606766
26020455
127080935
3929240
24591899
36541847
38063950
17550550
25530938
25341300
41855867
24445998
2604037
18768371
1397318
112338
162
20039828
39758598
4106392
23522704
27735111
26015357
1566053
23530727
129023768
38384830
103816637
39545108
110682796
26103858
36735593
18557106
29634246
109516479
35990349
104193245
40377996
26104789
38138949
1429820
34498598
40546932
114185163
40686249
38789669
109607042
104114667
15147181
20012065
22110672
45065820
37073389
25747420
36205244
103971658
39589775
39840380
28801079
23133209
119111441
24531726
108667368
44955124
22612260
43007217
30052815
11707056
36832697
383
27464990
20118972
1583008
35559177
35157527
41278445
40374406
120286816
9637627
24781851
33115938
98339950
37384079
29511676
23078957
29757528
37784700
23084908
34525768
2860069
123872616
37999400
12813674
35485235
25505827
38977847
44650508
34715495
37686027
25612112
36610826
38448119
127047056
33132614
107611000
42823280
30230486
200156
107282916
29601844
32791779
1122379
18779825
4487
107433445
29774481
105847004
38190848
113485
31048451
15365973
111627403
29184795
100535153
21414469
42185691
36304921
97865628
24106737
16941477
95563912
29418079
3913480
33349261
132753
22875693
32158229
96543669
43453502
26754357
99445346
110407585
46570846
13329862
34900004
35688654
37341551
41847273
29471530
33492953
124929453
101737239
25946580
99853623
21945025
32491121
2224
118166498
36991095
15182760
16808804
30342176
40750547
106060220
30260297
315497
117989717
37923387
1106082
1745700
24526971
1488675
36805296
31257406
31930568
37606993
24012443
13733552
29543330
10005054
37153562
20539990
36958854
28446889
40451928
24458797
175802
31173036
38220608
105917849
9813735
21821398
40381338
29891992
29819975
23775044
41813458
44698322
21675455
474
46604125
117788260
1863630
18035105
25257362
95577331
23328324
22959012
23509376
32814981
100607816
32862335
34447926
37498700
34336484
39783229
18914362
105787199
33780182
125942030
11134553
31348881
13059901
104039955
29212151
27258011
23851226
10593129
20742451
118987955
42335153
102910239
18456318
352794
37745190
126226472
103605906
17348990
245621
17521526
15230192
16797789
26135848
31591077
96389677
119210465
117724839
37755907
21700976
109207647
27908138
30231806
1564057
29555432
98450
26585110
113272656
43121286
37428973
36202478
17534285
43166
30342703
33948464
26915445
18526860
40599040
28874109
34423909
37207648
110786719
32100499
38985748
41480332
30653238
127440225
127662099
45909330
12768452
10502438
31158850
20825816
94923444
24616098
112362726
27910329
26765032
3678155
43503315
29381902
35403251
22187473
38954596
35157263
34966808
32837493
42351445
35222352
38278171
39435655
34401107
35104063
96654790
38091858
40616259
43252383
112471872
105946163
43179644
94379549
33157402
40538840
95657999
101758569
106181051
37209258
16812656
25538302
31498471
27350523
2682332
45107164
35222416
20333336
95028087
27852605
115028242
44185119
106160696
21348358
417893
111370513
128396973
14771487
21687060
32963227
22767597
105518498
104600232
16013749
43804943
43679625
114947644
37991883
24894604
125429411
3244162
40285750
3710849
25896601
1662766
107198673
26816727
34668825
44055899
13326719
45907911
37076256
108232018
39295891
97455866
38704755
17589818
34534114
13107790
20144179
39449493
25597480
29545253
14088341
46320614
12694104
31029743
40590307
44384363
45910411
10238924
37375566
42452254
101677840
121732667
17686082
103875665
39624278
18271691
19848372
104124315
22462130
39898199
21373833
18525174
10080604
24290
43632853
42742871
34728996
37681463
17737653
37154619
30397765
34288734
110745236
36574808
42896414
44494749
106499729
95750280
41878150
34804731
32311538
33205739
36873781
21401873
45620220
13449039
3893462
37982194
34035188
36951402
384124
30968813
18114688
2980565
30166068
39549967
113724755
26447647
22632711
41684445
116076594
46598656
25650713
39844742
30749179
23749722
102603662
40725909
28485731
19103050
35797113
1495
28102792
40301846
34165614
26263517
40478428
46362181
102006859
43308572
32753181
111218994
35548178
40443846
32177339
31032724
30585263
11517915
37756782
12574227
18775525
33771489
1269569
25698409
15436290
35687236
33551958
96986972
43257315
33276697
128380785
29520821
103450230
115710991
26635295
17938132
37911483
17329266
31138675
101904724
26118825
29141724
36378934
45538638
39461227
37685221
43216605
43557661
18770090
113482111
20553664
31783326
43802670
2519437
36453890
45728473
30362362
31493964
29522517
26020797
22769868
42419329
126565821
42584387
45272045
16277292
32454716
18895042
34314580
10318983
97652264
1632070
135285
28455062
27391746
103195849
31479895
29034706
36740186
19878307
23550486
45558386
25106701
37775437
36469484
114200945
117432181
34564245
4482129
24764936
100892059
37498352
29020865
99326796
40913528
29083698
42004074
42742
23720291
39485893
29213922
32436634
37012804
30886168
109431192
37699760
32720376
33586421
103203066
41177891
31352958
43004231
35776429
42917116
34113013
33941352
44241152
4480356
1999253
34849764
15164629
32123991
32016237
26231840
97422827
37473310
166564
42528692
37974828
9836432
44415048
11254710
42217841
2591
18953065
31048702
36842598
32917194
95153280
1071373
35517859
98460601
102450773
34450
17197101
23636753
10666869
12867
96180567
35867922
45270133
40702054
1171627
129677174
120519835
17541318
42639832
382621
43244532
42595262
105802252
17050541
104580075
111624275
36202321
4369
44744473
41060971
40398683
26869560
2355375
126529
11779447
37739956
34274730
97037812
3928426
112568122
26371242
42627883
27855463
42405053
20018242
31838074
30228945
32701408
18989262
18767460
26422485
29120137
24337669
39818172
31934167
32328515
41930339
100789429
108937849
100115332
42027901
103828507
46559423
36569982
27186629
20193213
129540314
96482844
22003486
32650498
22480060
43595241
30968755
42028942
31635666
124254828
29572213
46127559
31613429
42967908
20126112
40082741
120101062
46419269
24298618
9672557
27079102
25156406
104710655
97974494
28488983
41746028
28710417
24388856
41366560
43735069
46266698
998490
29164006
3840605
26345153
103667225
107151352
32422177
28470950
40074676
17534848
45298101
97988938
36277563
104681568
97242765
36844954
9645454
34060591
27069219
19747989
40335746
29399879
30407737
32063587
22746204
23955395
44047251
31919605
33429072
116565937
31058811
26190036
100768682
36434901
39726770
33375455
41392679
32437382
118989757
24364604
40538020
12858857
121214684
3756281
25682112
24666816
40695767
30435851
40772466
41167501
38078153
11119953
30978118
29117020
115029435
95911836
2021479
97976582
35812933
19685845
127664523
40759514
16556086
116658383
17593874
37841393
31283591
25592383
43666695
32751198
24405274
41492054
1023421
113114512
31415213
28547835
45611874
12895323
34676941
24652734
20719
3807938
22397072
45945120
433349
24807991
37283330
35767294
23887689
35292550
436625
28464698
102883417
9684801
113304779
14740
101206160
25387435
15035509
40157295
22740461
34352731
108579314
27224566
128776180
44943343
26462130
21169880
25222527
3940953
31483217
14768769
42988738
22740938
21245447
97522573
39003367
17050504
29894582
21885338
35178429
45696479
35346140
37356695
97527866
21782844
38452506
37498069
43392995
32754081
37659574
42471458
126310396
119567579
25812714
23977193
128995874
39694578
41798870
20714274
27624875
39428277
29994906
33885726
100139203
23724992
43226633
41960915
35896353
34328391
34043328
124838575
212166
42352983
37694527
35847101
27595946
27053388
40932926
32493847
37679474
113128852
28017486
46438617
37338298
118536418
35222016
26620139
36154843
99544264
45736481
10169170
126059825
43846047
39844422
28622521
41136070
123709424
98049656
154981
101643188
30937320
37696344
34488719
27131839
96069943
35222087
102749516
11097471
16953384
4068815
45952419
36831122
31900243
41380279
38585436
1634
41821502
31217732
40154871
102724381
43762106
26102269
27564326
34325630
97551595
41451892
40973945
23202546
39127856
95248950
101675247
35878419
19400938
13164379
30972775
124294196
45996338
125934579
127700459
41555942
26171355
97422760
32205321
98560939
32668519
33375301
115684870
45776
4414980
43470694
109051265
36394497
24321187
126595124
106756936
94666891
37662537
29278389
20455883
39352600
97015440
18517041
42269285
121647062
128779706
129993537
29839270
94342358
38168721
39959275
40640660
40377774
24690318
106236206
13878997
129567526
459
15006920
14406780
100343437
100343437
23637723
127545318
29725596
126153557
39190134
32304163
115125996
101933932
25517447
23886689
1891865
46095822
26310845
36017401
113070161
113642817
33064208
31197887
44528973
27169423
25286418
1946517
41847326
30440535
27104407
39015803
111972
10016161
109772442
10931
102916749
113196415
26835895
34777837
117539883
23008530
23427652
126331068
117585629
106889517
22773667
25673590
41224208
24557766
23538752
28432608
35466805
34045213
18020037
122803533
111880589
2133340
17722638
38836982
10114391
23050992
185996
40552502
33988878
37790792
15544776
39298095
30004654
31693178
105410146
37615845
32455286
43179109
40725085
34714470
27863223
35099667
105220349
40615641
39935743
19436432
101790132
41061047
28925349
46112933
27356622
16310088
126988526
31820304
23122994
32355555
94632826
33654179
35744422
14060636
30242917
95989
30627070
113963725
95488584
116740291
2359881
21378108
10389724
18680541
40751872
38291826
23352656
40378105
37677547
99776941
21924134
108067706
43093436
46558304
95407956
115568108
46009494
23177512
1256340
44345402
39034302
16964343
107381358
108312664
32536212
117257213
115276112
14608639
10937586
107341964
22189585
130782
37771808
42310640
37341971
13309892
43992
95470601
40709061
112382188
125811533
45554027
27555325
35222202
42162102
45018062
27683540
36192036
129690793
38955906
45895021
117009383
17867030
102712373
12671217
24379524
1756
96373814
34534618
12402443
96725873
18051582
43618189
34766791
123057060
45388600
38707406
39574391
110495710
25645870
17733403
98007044
27349935
104347570
42659378
16425324
33342326
111514245
38035231
22117980
29285136
24989508
959191
29956310
35076695
13957824
96081486
126856922
40172119
107188951
96293104
20461075
31933796
31084341
42389841
18509759
29109637
116234585
114590845
129605262
15952474
86
255
33857358
39366809
129195089
19505713
18004308
40735279
35221888
45240182
26363764
35064854
36904206
43560672
17526546
27436993
31278154
25329845
101225788
94886922
1392957
15121754
45864556
99672013
11264469
14088108
35015417
14437958
43858652
45995544
109519677
161909
34776789
40874838
119926143
45434066
103468847
120075170
36423519
44656280
113342502
33772583
25397758
33897128
15864036
36400753
24977046
31733986
16110639
33592301
38700873
27438663
96093136
30039491
36111404
95657986
97373003
12108854
23260724
33275756
35001137
126663598
32810807
118528624
33737541
42938969
37112932
38333311
32481777
43862049
29399182
102174449
40128356
44523094
30861472
40452801
11726570
24171335
26762265
40835270
41239488
37501802
12138481
40050810
10851040
100158093
108334560
39500962
26976942
43487893
30437004
30645103
41936292
42167746
42107833
125558310
34869048
29258161
25672247
21862567
126682338
35542277
105022816
103419529
29702162
41355314
44305722
128369433
98945215
34461668
29520798
1123954
35837230
25583301
101941303
13352
102421865
33734982
31866084
10537473
44074973
119622275
41424897
36768818
45983144
35211990
32827354
29218811
29554108
120853971
38647700
4171698
94557670
26384847
103815643
45372627
19967712
23852417
126793072
4321458
397560
31127217
96387724
39098747
31164499
44661453
41169699
122031591
35704350
10934897
32962826
34597204
11473515
32326188
120153151
44056079
22139213
117306340
39210583
32189723
42600082
17861733
18979183
45806864
28175588
25678919
25216905
46025691
18463387
2502969
38823528
108507395
37522511
120742395
118840613
35223756
1995524
18498852
41273113
1543502
16566481
41226040
439285
29918
111630310
31505401
15045399
24411725
38634815
27478192
9705736
210149
3940674
19314961
44546569
29842055
40557363
19941812
32917719
35427981
118562984
41061054
31720989
20649913
38533226
108023974
97587428
35190823
38664527
16059497
117665983
19453692
31228205
36621546
15111376
28581556
45652102
45020697
33249695
16440631
14346488
43089246
45344057
22079151
36694749
31524714
10008222
37460919
28618880
39610362
36852389
29633894
10938937
111758246
4549743
119981516
40377878
33546037
30232475
40165740
13594491
28399039
99859128
33947492
29395369
106966908
110515596
96838775
126406
30222220
27360139
41045887
42343514
107338535
2180320
10084077
963512
14973049
18346638
35222267
3712002
35476910
20151000
31476169
40390872
95244208
125078468
125078468
123047960
41512546
10681780
120961647
114520978
40943238
13323
39794230
96935705
44281179
4088297
25013143
43101227
17940704
103581669
121784201
127283802
35147236
94908872
43423735
43697
26949
17465665
15461762
33331613
30306157
28247397
37508298
29960558
18879883
42193845
16589845
46425487
26555642
33256121
43846475
97598961
29823745
34048613
35181265
126739325
126739325
23111861
45378430
107854965
23142038
108752390
96720197
29234096
27260103
33577462
32332910
32014334
46531810
38473028
106830266
42534113
23172745
40525808
25442980
28766292
40823529
24405273
29647665
44752828
24977688
46023234
40158033
111470174
39368568
113965782
27450558
35885969
23286502
26734802
33064682
122590608
95734051
38905008
37304447
34521672
29065178
536
35157457
36574468
17228
100517710
32300466
26071073
43989246
30486194
122918899
94327472
120545562
956009
30380039
11809
27864632
39853432
105042213
46339231
33409110
13869355
35726759
43125847
20222280
25001884
28699655
44055692
19049370
109545708
39624235
26134152
122396379
16533175
95507649
29751646
4397
32887633
20622202
27403455
34187383
28073128
44053675
12832718
16391403
11856338
116996233
44920002
25003531
38760811
30188326
30950399
30861883
44636112
43153467
1552
46041077
20120940
10357688
34218387
24440501
110755637
17119731
28191568
29790699
43496092
19732513
120202751
26797336
97667245
15509426