34491673
23390361
14785431
14785431
41425575
29830876
32164903
22789090
18572617
29236577
29236577
28786454
21983897
37239975
35502680
95927518
107740696
44412943
44412943
46583541
109658801
42954445
28650284
39476435
26869579
24778001
35479934
37374984
23133485
26816242
30243679
356220
1622
21401443
31067605
3765873
24052564
98093993
31378096
17574667
111999926
20156553
26231802
444351
24847329
42299289
41821149
25608042
39748345
18973093
11047300
44283225
23054528
113892557
12178900
113321452
14226106
38551860
42168573
35944030
10190856
98891298
189165
20859352
41773522
36787545
41208237
110373564
120265117
337941
30892704
294310
33383239
2992
30804372
34689843
32180087
28708310
18682274
32486999
32778120
29445349
35129091
36294584
18876721
37710273
18153591
11203921
42060881
33099
10683660
114058258
44533782
23424999
24406715
29795260
9494745
36852503
105938722
45054578
41004029
24446634
46547947
25460249
18783023
44903318
39659281
32664443
38253087
26389922
11621792
33150905
36667515
96862940
12469956
24756872
34378843
26646437
33108861
3109123
29991
32206722
4071536
37974362
45029465
42716368
30576005
27667552
42693777
22878387
33439877
97332219
116181796
42487638
102076335
26241062
39362623
120978225
115507608
27881675
40843618
110430668
23580345
18081436
20092273
31600594
44705563
123664596
99145535
29747340
27057880
24029839
9810319
23496822
30437563
28519333
25168838
25168838
31256183
43366042
2096952
30472327
9739353
42713057
41908820
13185834
100209243
32983886
30125080
125301333
45382092
154985
30943540
29096949
26141224
42683795
115957831
16849496
117103459
32277870
96208667
26457115
38278664
9506061
33375940
24298965
119939262
34147518
24091772
13037685
46393761
18237202
21060187
12568711
111618922
28846236
44523701
36578247
98828375
102434853
17870552
24876318
29292285
20772158
20772158
19132662
3484351
18680302
30346527
107052055
400129
42924492
105295848
39341587
37555466
40289505
45361923
34454573
96407716
12857146
28359212
31050304
34030913
20359307
30767049
31225057
26166496
38906195
43988568
112050546
39544024
35948355
38009819
29986725
39534152
362451
9788514
17827769
21326607
1317
111096931
16902700
22734051
42864065
13578465
38217951
15894587
28575732
25112852
46424916
28881350
22380525
19144320
36775317
35834229
43773039
14057181
27654574
115987924
30158001
45671390
28753765
115658292
21700319
23357538
1825069
34448718
33670029
2422040
2026
35100531
42277094
112405
41104581
387268
41688426
24983507
107281087
30206833
26802077
45316093
22156807
46390038
34379070
21237248
36765781
35071412
30936462
16739595
44054828
31514854
107539130
3730738
41813147
354274
43237732
41966408
103924281
174245
28544898
113559400
31776878
27323285
28291499
37752367
34901363
42860499
23260511
113960630
22094856
2215843
114446944
24111246
28923142
35916735
38621951
17177040
21369117
117399268
25475596
35929654
11310553
23984425
97611353
35233989
43806243
26364953
37829244
97526395
37390961
20517908
33150419
111572021
27591989
11948068
38680476
97375213
32641746
36219528
22736114
18437915
21655772
26589302
38523350
30255249
104098674
36884754
95728380
30619581
32640013
26970294
12121796
14792276
34565378
11801111
102387237
12975
41380062
25064892
37345998
1820
21761013
1914299
116318
1108167
95258409
40804689
26284791
15480365
113582258
361
20184916
46019376
32771287
34204956
38268854
38060516
45625788
45625788
123103048
100326393
24993367
113292184
20583578
46217147
29539379
20333313
45895377
33507188
96730
27493675
109706378
14740587
32535608
110495295
111258448
17847286
18592599
44789764
37407392
36135762
29421404
40333650
190902
96198305
36014007
24791638
18590356
20503488
20115002
1310
30761963
45333843
43979779
1181795
335549
26210207
37467832
26466458
9932617
107891594
18207316
45408582
40030752
96290809
31123218
12009790
15465529
42201370
22714304
40971498
41284803
42107803
36445699
39458189
33385260
39949178
29794477
18116288
112340331
37173161
17599360
11065793
31271420
31791879
41309771
43368394
14064750
18375041
30122853
737
43031946
4404576
38812480
23960218
43309296
32164676
33962148
38057684
22111331
36018423
43226376
45841373
44398
103226159
39837987
30539473
29632452
27949562
27462465
16827711
38823950
27500923
26410864
21887184
39650403
13779893
29626767
14124883
117376038
35165080
17362048
15285908
23572349
31027192
30308801
26433135
19746145
1188788
24843760
27336542
22130362
24906061
117468093
25428704
113066361
38054735
105509150
43406307
29371932
97463966
22743153
10432802
14121172
41884929
99440566
2688
21965219
26266879
17421
40144103
43421928
37446495
98791832
37365658
18927161
10558330
31194142
41170891
11468852
35967050
1442
41740165
28205122
11208952
38227977
13358257
46533401
39467789
17986937
36032451
43806224
29438886
17683027
45820124
41556
1141987
17851478
43278716
12990875
38801257
35185575
10363419
10909669
95944404
10540990
111717548
21722746
17659368
37563199
35115798
521
38082469
31809210
39374167
38853214
42627092
36139339
27704015
101349131
116156163
24013967
34923525
36198293
120744750
28818841
120527898
3473919
46126457
31164083
32185324
34606766
3929240
24591899
38063950
23530727
38384830
104114667
37073389
11707056
98339950
37384079
37784700
38977847
200156
29601844
100535153
29418079
3913480
33349261
99445346
46570846
29471530
101737239
315497
1106082
1745700
24526971
36805296
24012443
24458797
117788260
32862335
34447926
31348881
23851226
17521526
27908138
27908138
1564057
98450
26585110
37428973
30653238
127440225
27910329
35403251
34966808
95657999
106181051
20333336
106160696
43679625
3244162
107198673
26816727
13326719
38704755
40590307
17686082
103875665
18271691
22462130
39898199
18525174
24290
37154619
34288734
32311538
21401873
40478428
33551958
29141724
37685221
113482111
36453890
126565821
31479895
34564245
24764936
42004074
23720291
39485893
109431192
1999253
2591
18953065
31048702
1071373
34450
35867922
1171627
4369
126529
20018242
42028942
20126112
43735069
40074676
36277563
29399879
116565937
31058811
100768682
36434901
24666816
40695767
30435851
35812933
32751198
22397072
35767294
27224566
31483217
14768769
17050504
21885338
45696479
37498069
29994906
23724992
34043328
212166
118536418
30937320
16953384
4068815
37662537
29278389
459
14406780
23886689
46095822
44528973
117585629
25673590
28432608
2133340
30004654
105220349
19436432
30242917
95488584
1256340
117257213
115276112
22189585
130782
117009383
96373814
16425324
22117980
24989508
20461075
255
33857358
129195089
35064854
15121754
45864556
43858652
161909
33772583
24977046
31733986
33275756
43862049
10851040
100158093
108334560
29258161
44305722
35837230
13352
38647700
4171698
26384847
19967712
126793072
41169699
32962826
44056079
22139213
38823528
18498852
44546569
40557363
31720989
38533226
35190823
45344057
31524714
119981516
3712002
10681780
114520978
17465665
15461762
33331613
33256121
96720197
27260103
46531810
38473028
23172745
37304447
94327472
30380039
46339231
35726759
16533175
43153467
20120940
34218387
110755637
29688142
100194389
19856286
19095378
38340474
21902119
32510348
16935681
112147394
14716696
114804979
43634764
30248857
18368735
105109
12477460
12880646
46101180
33125365
32751195
37401169
21176274
13778308
96318744
2109450
30352554
40076537
30274687
42010323
34773251
41777708
45756351
1616387
128497305
34034740
32700317
37322599
41163346
36819802
128403090
14167825
26304265
104076296
28724515
41036554
18953432
38150295
35045897
115931389
43123768
36326278
28387951
126044955
30904191
41249672
36184373
9789519
21234323
32652886
11580664
22018114
10146879
123166772
36658204
11253987
17389345
27821772
40296898
24897018
30447086
25212839
31503080
38374326
94946045
23846276
23846276
98120764
44519870
28508888
15122145
42331937
22867248
23431427
3890408
25626906
38333430
20019136
37127508
41869478
117492059
66
12896117
106435813
31196159
4591140
118916757
25289420
39795999
33768991
17247836
45362141
340282
108282867
46258563
35106269
33542564
38219274
38003224
14279059
45860209
27702186
17074409
15105373
35032970
21984987
43207411
32153794
23885885
102535903
2939239
33737722
25679193
25679193
37368402
18738628
1652741
25554405
102375179
29036209
11570172
29570781
97340700
105789662
37917914
393972
34448782
24714528
35995529
32121315
26075345
98065455
35728384
19307968
20342820
126518
42379532
29618
30073209
21155981
20323489
28512535
103012533
30567330
19106255
40201991
30774064
23941992
23941992
13009667
30932104
33027893
31623616
99937231
25465753
33119424
45210548
18683062
27730248
10859603
109361950
20636407
17320774
33917299
46232863
28698967
100656058
26164804
43001517
39985981
31974549
31625675
25321652
18447210
11249239
44784966
46155318
45661286
101368606
1114926
27146943
103449978
27407568
113701425
17999976
12835103
164297
94498310
43686317
45488102
27997319
38913675
96349619
24175177
195546
129268238
13270232
16078
14212147
34303
29088508
14717421
27108019
113709731
38522346
45819030
42290549
1470
105257521
37032528
125290862
1085712
42577177
127067867
28502419
43641125
111760721
102883546
11707625
13779725
94694405
34649562
102203627
33598103
13965029
43349415
45663267
38969608
38737561
27540329
95084976
3777266
443591
155209
25625330
45321282
3431352
27314871
21524793
22475070
19747115
32563297
4248924
119889204
17078319
30261254
13094124
12874329
19370504
24715717
41245330
25404318
34498378
11072190
41087665
42797047
32287542
44991640
42117521
29342594
22150606
104131170
25362392
302277
30233545
410720
42681271
46484860
15820319
1039767
44483822
122901436
236212
26874021
9998820
27036232
33780701
35109388
35773110
16693086
31537684
15778724
41785655
11385
111130868
96391366
118426030
43853517
25570105
107252264
43451557
45669009
33998565
31446477
18033636
39211762
196624
30180204
36179901
41772364
3274692
112335714
44553946
45611938
33102382
22902287
35830006
21952076
26934297
115608022
15759204
46226804
21523048
104405934
16896891
967387
103584447
27059048
36174869
16317811
126007676
447103
44854260
122394763
29404078
98566558
15097240
25670226
41386524
100238245
11374851
99318292
18577364
45291688
31015711
20857644
38148742
22021676
44407377
40972688
35427944
2635139
29191210
41058505
18591239
112682
18608974
44671337
23832344
18789734
18401174
2805
45924945
46408824
115213554
35031021
17045237
2694283
333614
108435570
27019642
44432251
106242837
32048498
41751703
34569545
18511362
45373590
31084530
37407189
42861176
120647683
18208900
42212756
1658113
40460376
45925527
24756417
21472614
94518550
45395507
13201552
21914617
37839550
14964041
33754616
33803611
11923866
44349308
44902492
24733871
108030948
29299
33554031
35192032
13255056
40167448
103628910
34318005
3251427
46597237
30065276
39824284
367453
237818
33295160
27393739
96768715
36210412
106872081
21206281
22107311
20619485
113882479
13974638
19552394
31186680
97916559
120803510
188977
26956513
39760551
26587159
26883405
42808575
37248351
103887576
35779049
44511743
43108868
20849846
30840390
14738116
21041408
118047298
13672693
33617077
30721071
20022098
22965437
16628755
371863
35208850
15467406
11772945
9562647
15470529
30932503
45544614
96700254
29490390
32009970
20003922
109230057
39441615
45012365
27823322
43049704
102427118
34925
26842287
43391400
28925263
45150650
30515999
29612993
14264251
97786537
18856686
97136165
41865500
16164940
1125567
28349668
35406461
380
24326157
46352587
10147722
124573029
11241134
1920115
40363239
17894076
112443863
952483
23238608
119151
40787969
34435688
10516290
43424739
38673551
18688216
23459755
100237241
32537079
3425132
11975755
22294549
20873149
28587070
97361429
97361429
2382051
101499190
44806295
24251150
1341805
19240938
34891283
32007635
39376058
39207456
102480976
24369534
43647100
40279941
36078046
37320876
3442418
33358319
119331
33934641
104012302
17975248
35498119
39681713
31536213
35359536
25869418
105248569
119600435
36012656
41489652
18668212
129895675
11786484
31601925
124487573
104017483
41614015
1448249
23905384
11977065
24509283
22298945
2401699
3704122
30173115
22309345
16828336
41968638
45899404
30585753
96628289
10441347
40180631
116154594
10478712
40890830
34002511
45924972
36075008
45877409
38632817
23846271
23846271
112063288
44768192
3811625
41737158
34517145
38298243
23016084
1024209
28566104
120463918
11076797
23424457
96274766
37008062
19130973
41004582
32913086
282472
102753747
41669742
97059847
35136216
95619771
13839510
29414514
23070410
42938325
104329005
11240145
2180828
103053
35990996
40481629
13463714
10190047
101269213
23313355
99722643
25875356
34873789
14402108
41805449
119367338
9754318
30963551
40457267
32410535
26838642
45276710
11068474
33309446
45924903
33537437
33537437
44846538
28708750
11481998
23503215
15022827
115607618
40156321
43519357
15586802
28473842
38455140
38708684
111952151
29549528
27572
38863552
31825839
45925008
26765898
41518082
17228711
22808657
1426926
1426926
3902036
108775460
44278526
30834125
37238
12135972
103151681
25416761
36818622
33842987
45925541
33158192
9468348
10192051
109681900
45924847
20673510
45877738
14890491
99742312
32872881
101254690
22146033
12452302
42589611
102017578
32763142
16821132
28788569
32030871
22905554
18778388
100271775
34898507
35117347
33398224
37026168
25321421
24495861
34583867
41229781
36745142
27870139
37452735
16225567
29474807
42294128
18147412
42146481
10312269
23974839
16519704
30586352
35079251
129153272
40605215
27785868
19972823
13258825
10343866
14393696
112770404
29919708
12163173
41609015
17995530
31880331
41457949
21417768
31404252
45038802
19232007
28873441
45625355
41331115
45724027
34674326
28342573
39132322
39663
14850818
26046227
36223390
104736591
99448107
14770259
27420561
3743707
23592912
106753446
21765420
38463695
12345675
39434057
22014682
46095871
200
19316680
32277394
18978353
44061505
42039199
19819609
2007
31933023
28183383
43504735
12129493
32781302
122990346
20352021
120365517
4312821
21950236
112743302
103021157
34938071
42637489
12551115
125247646
28173339
43350323
27695880
100391041
100391041
100391041
27736164
39827097
30083449
33087121
26871310
33913970
45823814
23495945
98290763
31131330
22171862
43332907
146685
41158922
39172220
96210212
33163680
23915808
121794368
41108027
20572137
118066515
39231
25179271
19727128
99380025
18765078
30237190
1912174
41105634
33851394
35064695
33106367
29528967
40872140
34763922
33237290
17157755
16169212
112064426
120994225
451393
103342712
124656932
12057190
102482813
45675676
41399220
123146894
24749927
129090276
37529503
46032508
42436621
29890631
180939
13278069
42637852
9933849
37906006
40847452
99683461
114111368
11797846
44042424
100390124
100390124
100390124
25475933
42989973
13859611
44087067
101541501
104385144
32668912
13976348
1032797
45790050
29024141
40683556
39464351
94849776
34888824
98500837
94849776
34888824
98500837
4270126
24382072
27203938
120998102
26039318
44094788
36712100
106249998
43043742
44820676
16908434
130953
37426106
28174130
36043321
18224967
1811392
30095660
107490746
33801152
30163831
17917429
20673398
23209534
34543568
45925228
112440375
31979263
1201070
41478965
43767892
24933556
23795678
33994782
24886689
21353745
96133676
101953885
1015067
31600416
38296018
41240374
23778058
32616995
20599310
340979
35156151
123104405
45751387
24561048
30166236
28172754
42298522
33035012
36989467
110377569
43110205
110834488
34198484
12428946
118744615
16842587
105162136
34017049
24489210
18402749
22779421
16390726
104082317
35855047
36827164
30179143
38200074
12425119
23281394
44117781
20116858
26458147
45925584
33308155
38159613
30200969
35810209
36069859
28783173
31842607
45527572
37349450
37692520
25946341
10932916
25552095
21736799
121930900
38185045
20208421
33170123
41541620
39431076
25367886
18220806
30516172
23710
95354255
32505821
11058234
22707533
17235564
43395483
16541867
17278107
17278107
40605511
46338451
31053333
33284368
365
311646
27888902
41472423
24346903
15818221
46243706
37441502
10295343
13214210
14260191
31154183
101557916
44264285
27467282
35622789
38765752
32617423
22790389
103915168
2494894
45713238
10590
13089173
31917954
14321236
96716485
35999265
115244504
33044086
3133553
110346969
29148532
33512
36641266
12078275
18669273
97510410
96780681
16237891
24048681
25240415
31592390
36444482
10714714
118323588
34341847
31384029
37286117
14625860
99321164
119697926
35160041
31175746
20151313
23360607
95557425
44352739
4181816
124705859
19927920
13319737
40306953
36502907
1861443
4372701
26683608
17716708
103924014
119136761
18793076
45803881
46266425
4067
4135
100433369
100433369
100433369
44034930
25610195
38284406
32624381
45039880
10428379
26147132
15472355
1142539
16266931
34088657
17937803
24541880
19281476
31761584
25525418
29572158
94984711
16773946
10078836
34470048
1719594
26641164
38342786
44336580
46526084
26424819
101022
96742635
1169011
37987753
27013829
45925037
14629630
45925509
16777317
98853909
45578133
21768881
10115745
96776223
94341582
40894119
45780506
45780506
106275660
38824731
18994287
22894018
18439916
97063846
22009705
96885858
22182607
108682623
11799491
111245110
110346925
45726913
45925490
11233968
35282601
34530696
13259775
396262
23349180
36157502
113804980
1087760
39571284
19336164
20236228
14544966
42790724
42937221
13684333
45648296
31522819
34886866
41357742
45216914
26641814
17577887
23552983
32741661
19070256
120826468
11188283
22049469
14789612
20683050
19645742
35938971
34207397
106673592
11119848
18006965
15444318
20422647
15174290
31292985
3550705
40207499
28886079
42138972
45925197
100744485
3815
21205514
29499059
19025197
32763226
46005013
38464557
15925
43962337
16676388
33192684
105206691
40492935
36458213
105350536
30502690
2951804
34948290
384105
11881588
22006092
45276028
22490441
41930235
28831490
32934239
111324555
3818482
23341176
208271
31219854
20998107
41331816
24780083
44622299
45548154
39693336
34273778
45313271
12393125
28625284
11588747
100391867
100391867
100391867
24207459
105188099
33827545
21999768
29169777
43964568
18380766
292157
114339259
114339259
23764099
20397693
3399995
295534
2186759
13426128
31464364
45179377
2712784
9528244
39763556
37828959
32624088
14664173
1489602
2399990
111397789
35441629
97999479
42490477
113417286
33263704
33263704
31491911
32277994
33830035
17901361
37649637
19186916
30582822
4328444
45689973
19398267
100122471
2167542
118230408
18386252
20780835
41510814
13186969
114181679
17155647
37956427
18891975
30008891
118169489
25196181
11461192
41846890
44183289
38286281
41200520
144549
45015777
400584
4630143
28600006
14384150
46469747
32612637
34908729
22976733
108233681
103462699
332271
30267390
23465361
28948291
33733400
33733400
100588734
23730054
97592737
31334046
122870821
11052772
31346963
17926081
111878738
26457814
658
34871558
15124312
36165887
13221311
32294070
34234362
38402821
45510128
21998994
37828794
10453985
100390423
100390423
22446531
100390423
13618542
33811537
35837264
267829
10281088
30501207
37365770
37449780
36111903
121135
41022936
16395094
25618547
114238429
22182860
27511521
36223297
4055
25752397
27743774
102089706
38652320
44535889
33898876
33408206
37949592
15612326
22280236
28830524
23482349
99160920
27330007
20637780
25036745
42256029
24345569
22251278
19892557
37227854
4357
106178
12607922
32352305
23772363
33915890
45222119
120498311
19161456
34344752
21019877
25865630
25865630
27425197
11469781
38347075
25383045
41911223
12911230
39030562
20966348
20920421
41069223
46220712
33873812
4034526
40897142
44228685
94493724
4631457
18819238
38488745
101557635
1316905
43599525
13761875
16347067
16300247
99504814
95194804
38051170
43486469
14908919
14199270
41228260
28389993
9502422
295089
34244218
43836211
20222540
45526607
22141452
42748755
28375477
121574455
1630890
43497495
38590190
42119606
44081207
16159054
26890888
15430135
275
964770
29145810
40625473
26059018
20991664
43783277
30350774
4565692
128319609
4011693
35296
15099405
22887377
4793
16646086
105412058
39753108
44184191
21911014
26337210
98328705
21701112
20758843
15228317
46340314
3921408
116910714
116910714
11364883
22159725
34421725
102589495
9623885
101455414
16474747
37462077
26332858
9563769
38604345
1203398
31634586
28360069
36680238
29418432
46051983
18461051
34562767
42456954
20847133
28566373
30245972
105099299
18879737
25208867
28316407
1406905
26904232
3747912
33227017
21090322
39335928
15780004
23084258
40137007
117979769
28450251
27628325
38532656
38173262
36389987
21530828
34432456
28096785
36042536
20133026
30126481
17245523
97275678
29583381
35649652
12958988
115881804
18487628
118207494
44765966
34953557
20342601
108251724
43893761
45994560
39792540
3601189
35937549
24589324
34582299
43208083
39596966
44263910
36771457
44665969
19058799
14782801
20351367
26275513
125095191
126817693
98714819
107257406
126718610
42452947
26130808
3088
28868682
29504316
24089824
44757085
3953430
27000885
25257166
10729447
25258016
1503112
20217165
42110933
35987300
24052
36784493
14756433
17078302
31988966
1430333
11442515
23093502
95409540
10868078
39439557
23942517
23942517
1727533
38019534
42640716
37913886
45603397
33515
11510111
2235568
23023899
21751511
23484043
37039742
97486142
11584509
41695452
20346
40233953
29179441
20697610
11083666
28961290
19226159
43134207
39064178
4083772
13053745
15552738
97945239
23493447
35922783
14089621
10600382
13627750
36238866
30644380
38667130
31102825
34569933
12910169
43964203
99557803
43867719
20349221
20336193
37906624
30958912
23019713
22307383
9794
32104349
25595319
35502149
1765551
23081559
28548791
15885578
35728772
24132448
26300088
34208448
111265898
98932769
42119655
126718537
28861752
29388290
14227562
44031914
23694642
40788122
116007548
11148410
31718412
97893643
359911
45136596
42960676
36893320
18536525
31919355
4606253
11738869
129143996
15454086
34717886
41485932
20702160
3760621
116594363
20482683
37962845
3475989
95611534
15447645
103301045
31276150
27062345
23274025
21030496
30362002
36478287
15784160
19116055
18421401
20459133
46598724
21984379
441753
33678567
444705
13304592
30269357
98399537
36904624
29146898
18309610
29447910
28750866
3831413
42674224
44053485
13331706
40787271
45278975
24151136
42792360
24302312
25954266
27232864
15341855
30278577
11845437
35123430
29254246
42609995
35062686
33361022
30873109
20578366
10568369
111698683
206449
100726976
20209701
129113
100391916
100391916
100391916
18793470
20956154
44310191
41098011
21141464
111157145
21586201
21200419
1069107
44050698
17686752
100295597
41824511
103463586
29603493
21804509
17256421
18862179
954418
19154958
36322853
111001094
43990571
43709185
115256245
29876143
33940795
3934621
13238030
46585491
31172202
28208040
111510859
41679064
103286145
28985776
34724165
29537866
27523127
38253789
32428632
96022889
105709991
23410488
18656609
15298986
36322447
100979772
34802869
44297040
22797095
46038201
13093558
37366035
31725334
44517527
29849591
106769499
36615821
33286541
41492550
21591286
13749614
98253363
25364386
96609264
46169079
107299281
120677439
42870002
34798964
17857546
101781637
36425950
28548602
107437346
38222255
18383429
38293537
112905237
34599583
32338269
39959527
35902630
22398344
103676390
10361458
27755056
28495258
32672464
23913849
30712365
10323559
36202599
98058788
103800194
44781084
38481978
20802017
36983460
34760062
11793583
27244064
34990274
31446444
30078673
94886445
25627534
26913809
17242766
2310136
28955405
16724171
21519866
26743662
33177901
45578174
38757557
11235434
43520497
28319446
42661623
97532401
42911513
16463367
98699647
25813110
96390996
2090260
44662554
26304349
38699510
108271144
41166188
39820843
28953367
97550207
23223374
37905105
40736046
123961311
18623973
110611893
39235107
102090482
23442344
18698206
42077747
23795797
25129174
32983891
39525702
35362071
45176
33864513
42238404
25257124
18172334
11661370
24991570
34815951
20516629
34835904
451105
18379217
104689189
21550138
45274288
23860306
10812608
31459048
330632
45578145
38627576
118847900
17315698
18598149
38067372
45578149
21244617
46149731
44487754
21708246
41116567
102477715
24142336
104694681
29320626
43776739
29619919
108819498
129508311
97687537
21689163
21884628
25258403
94645312
45578139
118562095
12725936
36227631
1296783
290683
29532103
27259605
12052192
35316618
43341292
15458024
33168937
129451271
37528133
34773431
18284612
121517276
14914135
20302944
46320209
20549716
21175791
94994175
36339098
43271214
29749997
24288540
28763620
36765501
39366451
4396083
20414191
40524229
20387000
32562950
18701623
103182832
9883742
43457880
36065142
34557672
31777036
30981757
30069222
41752168
34115474
45385099
11980490
44529720
344298
14695608
37979266
19397129
40252104
39639703
117959125
25456250
37585662
12249767
21888890
34564927
96961736
1178625
110346891
44468179
36731298
37949320
18356383
95359897
21660459
18942124
4293680
12273918
40628742
32978714
43268874
26221867
119706967
34195125
26013172
29020834
37717272
127728161
39737100
41241712
17200939
41225004
21559055
14627699
23638478
27296832
19263298
13413851
309763
35687344
173418
96153966
30373134
44172542
27486134
31725444
31725444
42623478
112216442
3171414
45700055
46511462
36246455
122695575
12808988
34051250
36403777
18024219
44629224
19203686
16870529
12670539
96628819
33238376
33842063
125226950
19147546
10260
34495374
26009595
42322194
26272618
571
117679969
42733715
35021627
44819736
39932430
40331157
18590405
13882441
40129796
38272797
42944340
20797477
34091536
114233844
99349739
19451505
42855710
45060016
37944
15723597
34009895
33981706
33580894
31340479
106739239
26723204
33392083
37960295
40385098
24653225
28230
23081049
97457207
11844061
100310131
29793196
109648503
46493
41495890
30988517
3157515
32584972
9971001
434075
29234270
40947231
34850928
34184927
1901944
29442744
39672476
28929197
45386410
45293681
98566551
36014066
2064741
11691590
12967643
45615522
35108047
19811096
17627758
43123304
35163456
40594274
15504518
12987222
33843480
40948162
31792906
19035946
15564905
108843321
34099211
42360990
17785811
31146905
24328
14242779
13840775
40000548
42342797
109577575
12357723
19536163
22010144
127926617
23380609
43419422
25527521
36795508
19043799
17707513
46048067
111336153
24387276
25238469
45506394
29700074
29195233
100828973
26835840
35077282
102096570
106896941
31007231
36990688
11181859
111803142
37157730
19009914
2586127
9940559
3876384
10298741
16655904
23426260
40797654
14859058
40777890
43938526
26457608
129372495
127899182
16411931
46167446
32586219
22744855
33741033
25678196
1262161
34883415
40587248
20839446
11564453
46366924
119536934
98566570
19298594
13251532
15515025
21450768
1858693
117650629
101750923
10399830
10399830
24123498
25285568
29153966
107444403
39458258
31516178
2261603
17729810
2504772
120315127
45389033
22843794
32060178
43738745
29366966
26350899
40620727
33652798
18011223
21999173
280755
25288122
10070526
45578151
44887734
34517668
24621373
15510381
2781
107974074
41411266
35892774
99651090
34996665
94423077
39209729
251535
31692485
24860724
24860724
41601178
46359202
39568546
15874070
27110601
15320455
38268237
122537328
32406319
